Date,Iprec,WindSp,WindDir,RH,AirT,Swglob,CloudTrans
17/06/2014 12:00,0.758333,10.2102159240617,20.0569572223689,90.1489397462003,5.03342415730453,29.9490862222991,0.888286309364499
17/06/2014 13:00,0.758333,10.0013454400237,20.0672921863468,90.0879071685791,4.93991547631196,30.0665148131459,0.907376147197518
17/06/2014 14:00,0.758333,10.0795811499722,19.9093629918309,89.9341521072191,4.98243160480976,30.0001077883276,0.900323927812007
17/06/2014 15:00,0.758333,10.0157905447445,19.8905797868872,90.0418236141316,5.14735726395539,29.8720696893635,0.877731381621036
17/06/2014 16:00,0.758333,10.1058952119675,19.9442010345541,89.9327475779617,4.84362169825667,30.1827581230812,0.889728606521302
17/06/2014 17:00,0.758333,9.85151732006547,20.1316578203287,89.9732211450072,5.10950972135788,30.1266810242268,0.881104204368141
17/06/2014 18:00,0.758333,9.99733316965222,20.123533717323,89.8751526174817,4.99710615404651,30.0196327972606,0.903902522044246
17/06/2014 19:00,0.758333,9.99248970723425,19.8743269466214,90.1182839098438,5.08593227856248,30.0223257784411,0.88654719789567
17/06/2014 20:00,0.758333,10.1019202653586,19.9293383195675,89.9957698256923,4.99411860082326,29.8864019277758,0.904989292939204
17/06/2014 21:00,0.758333,9.85967896613531,19.9559892819657,89.9999251221128,5.19541071899191,30.1265681770813,0.898431588565117
17/06/2014 22:00,0.758333,10.0277695337561,20.0274141395641,90.0357118100835,4.91945076106212,29.9298036220255,0.890005347767328
17/06/2014 23:00,0.758333,9.91287195871492,20.0043032896873,89.9048079880174,4.91453389815024,30.1515788863925,0.904209049940873
18/06/2014 00:00,0.758333,10.124552308406,20.1859539708298,89.8479601186381,4.9873588898815,30.1318615762681,0.89156946684122
18/06/2014 01:00,0.758333,10.1097638532525,20.1043422519721,90.1396101469722,5.01301506481869,29.9728395803292,0.900471768568016
18/06/2014 02:00,0.758333,10.1430581176817,20.0895948861333,90.1606099165292,5.03954730477379,30.0128556277539,0.882916268603661
18/06/2014 03:00,0.758333,10.0917402681585,20.0844849853593,89.889754068395,4.89625040411071,30.1618283186,0.895311792648712
18/06/2014 04:00,0.758333,10.1361063056093,19.9506362609584,89.9456947472463,5.03498125045538,30.2704405746291,0.885351841997889
18/06/2014 05:00,0.758333,10.0576439821478,19.9473732934543,90.0449020951161,5.09475054297271,29.9859340317607,0.89096773796468
18/06/2014 06:00,0.758333,10.0072165956669,19.9353065166409,89.8649156219494,5.02358837890237,29.8574228960691,0.906900464871597
18/06/2014 07:00,0.758333,10.0906036061459,20.0977606681026,89.8362035218061,5.0692797743686,30.0165598665453,0.906213059399436
18/06/2014 08:00,0.758333,9.99989394099,19.8587663671186,89.8810522772002,4.99638275801231,30.0955016774896,0.896749094515249
18/06/2014 09:00,0.758333,9.87630403761737,19.9521817753768,90.214973639292,5.03873092428186,30.0394935592357,0.905462132290381
18/06/2014 10:00,0.758333,9.99863404332664,20.1037618710675,89.9280713312853,5.00516797438967,30.0260435671727,0.886229678995001
18/06/2014 11:00,0.758333,10.140754505023,20.1387324307727,90.0956763958693,5.02863795636318,29.9802777492745,0.896104041689489
18/06/2014 12:00,0.758333,10.066386710523,20.0818103736709,89.9412488566308,5.03313436740955,29.9724391609553,0.89044879093718
18/06/2014 13:00,0.758333,9.94527064049096,19.9063057321234,90.0007354170909,4.94558289867042,29.9356846723803,0.905690786731963
18/06/2014 14:00,0.758333,10.0356922127521,19.996614883651,89.9933111418617,4.89327098392167,29.9217277788408,0.900683872100649
18/06/2014 15:00,0.758333,10.0860237280762,20.0187891569242,90.0967970573765,5.01863507116108,30.0016454421168,0.923808684602782
18/06/2014 16:00,0.758333,9.99721497987605,20.0027499047815,90.1365611354381,4.87681715806416,30.0204105626249,0.883230587209664
18/06/2014 17:00,0.758333,9.91554052866652,19.8804324396402,89.9516348150468,4.88604700542359,29.8817655755985,0.899426114997091
18/06/2014 18:00,0.758333,10.0495816361824,19.913780507444,89.936345001129,5.07029577164601,29.9263176041951,0.925844472097906
18/06/2014 19:00,0.758333,10.0683569801657,19.8996444065741,90.2301249879801,4.9392901235298,30.0702255584674,0.915388391771335
18/06/2014 20:00,0.758333,10.0416529624718,19.9889305174863,90.198079935523,4.86743530562464,30.0995702762058,0.89253045184487
18/06/2014 21:00,0.758333,10.0694962086117,19.9374312879993,90.0651689201746,5.01196576232851,30.0738650445213,0.888553036938632
18/06/2014 22:00,0.758333,9.95851132134721,20.0285055125684,90.1070910267313,4.92645171974413,29.8924823110688,0.888521360368974
18/06/2014 23:00,0.758333,9.96860609767387,20.0376912363379,90.0078876043581,4.87002269543188,30.0755487633844,0.907334122532637
19/06/2014 00:00,0.758333,9.75388591750791,20.0308604814603,90.0538668638033,5.04316286933866,29.9104540749953,0.899321206451689
19/06/2014 01:00,0.758333,10.0186103992137,19.98106879605,90.0108812014976,5.00205004186252,30.0252916351805,0.911720822556649
19/06/2014 02:00,0.758333,9.88977834512657,20.0134878359751,90.0867986831191,5.0347093193377,29.9443531654476,0.901907603290593
19/06/2014 03:00,0.758333,10.258271441391,20.1281931905437,89.9323987979081,4.97900911659821,30.0613894691228,0.875752908616146
19/06/2014 04:00,0.758333,10.0342452612933,19.7345083986702,90.0867872247822,5.08659939715602,29.9126054411593,0.904586099279809
19/06/2014 05:00,0.758333,9.97457281759836,19.9957426065475,90.0432501914608,5.24657839080471,29.9140203739668,0.899026936319068
19/06/2014 06:00,0.758333,10.0331483264361,19.8864964102628,89.9608831635882,4.90842015083909,29.8438778001903,0.884604561252104
19/06/2014 07:00,0.758333,10.0158575512022,20.0116625337469,90.1086627705432,4.82487242255053,30.0094491740929,0.901737096791723
19/06/2014 08:00,0.758333,9.85292703855777,20.0375820744216,89.9467181015191,4.85835790301163,29.9858008702364,0.886010917891019
19/06/2014 09:00,0.758333,9.97881019526733,20.0581831808928,89.9041010219335,4.94432918780586,30.0208740360415,0.877383804437994
19/06/2014 10:00,0.758333,10.1419011018047,19.9939225133553,90.0640175902018,5.08319586238943,29.876754142442,0.898823136824186
19/06/2014 11:00,0.758333,9.83039562827769,19.9460226149866,90.0901370540744,5.06788362305829,30.0476593719107,0.901297837419271
19/06/2014 12:00,0.758333,9.93749522905173,20.0625591628906,89.8691901203185,4.93389657001162,30.0326685550983,0.917456179186665
19/06/2014 13:00,0.758333,10.0296415373379,19.992873545508,90.0487911221053,4.88800236970245,29.9261534338179,0.899985333765123
19/06/2014 14:00,0.758333,10.0335453926911,19.9569132330139,90.1189604149689,4.98573862028079,30.0954496650019,0.915442472553626
19/06/2014 15:00,0.758333,10.0739527060306,19.9472287048692,90.178332965554,5.29683528415897,29.7450384012963,0.903352283581193
19/06/2014 16:00,0.758333,9.82403800650678,20.0551079466352,89.9040563121432,4.72916618153198,29.9329652446852,0.900589550550301
19/06/2014 17:00,0.758333,10.0013393527322,20.0195691849223,90.0562586848964,4.98163597249489,29.9076165020548,0.900816990993493
19/06/2014 18:00,0.758333,10.1383238242776,20.1760441901934,90.0783300203418,4.97575695725613,29.9352516952418,0.89694198405244
19/06/2014 19:00,0.758333,10.015823022319,19.9172688156283,89.9597649755716,4.86852476890685,29.9849027714195,0.892900589724175
19/06/2014 20:00,0.758333,10.0737470154065,19.824036216794,89.8746170629497,4.9965869822542,29.9892708814506,0.889697594773632
19/06/2014 21:00,0.758333,10.0874953207293,19.7507791301649,89.9936924161193,4.75477590488359,30.180720836118,0.886125253339041
19/06/2014 22:00,0.758333,10.0135236997525,19.9171585227474,90.001008546244,4.78152755807256,29.952806654746,0.885889499611742
19/06/2014 23:00,0.758333,10.0220904513568,20.1031015468927,89.9097743314301,4.9389223357766,29.97037137917,0.906846609784784
20/06/2014 00:00,0.758333,10.0714784726183,19.8457688900686,89.9589512870807,5.09485224968298,29.7883886846924,0.887858503863773
20/06/2014 01:00,0.758333,9.99064399663597,20.063645558663,89.8926641521885,5.01806463939259,30.0132513556349,0.89436695409061
20/06/2014 02:00,0.758333,10.0632997216466,20.0867499652728,89.9471620216278,5.07655334647631,30.0476284013603,0.905414554037878
20/06/2014 03:00,0.758333,10.1530069049833,19.8891858594561,89.8587139289289,4.91692505974011,30.0041210127927,0.896312470196015
20/06/2014 04:00,0.758333,9.90192939412408,20.1026422039877,90.1027269885299,5.11122476430248,30.249028187368,0.901847334430434
20/06/2014 05:00,0.758333,10.1784110341471,19.8237373707738,90.1082734539068,4.90030196083463,29.8278218931667,0.890215796628546
20/06/2014 06:00,0.758333,9.91385638191766,19.9179093755742,89.869622518105,5.01073166022039,29.9305994832066,0.904921535782418
20/06/2014 07:00,0.758333,10.1230284326852,20.0458042238205,89.8957310186839,5.17983639810098,30.202376984425,0.912047592142952
20/06/2014 08:00,0.758333,9.9106548124042,20.0367512181399,90.0260073891806,5.0909672089711,29.9179830916432,0.901409149311397
20/06/2014 09:00,0.758333,9.94720963356738,20.1658117127582,90.251835641153,4.92068763145027,29.8431607022033,0.892715649253198
20/06/2014 10:00,0.758333,10.2037440650689,19.9777909869769,90.1342413120697,4.86849431679523,30.0940942747701,0.901213047773877
20/06/2014 11:00,0.758333,10.1112321849822,19.9836298527521,89.9980495001366,5.07936892804913,29.9697155539158,0.903674606030394
20/06/2014 12:00,0.758333,10.0261102744538,19.9077757736512,90.2171551814315,5.07228065748483,29.9782420903508,0.888328188492607
20/06/2014 13:00,0.758333,9.74796786277786,20.2147563214566,90.0802018738381,5.03311312886455,29.8709310433365,0.913943119703616
20/06/2014 14:00,0.758333,9.91579896599824,19.882974024979,89.9525685166153,5.073164400567,30.0867677607528,0.911413692129129
20/06/2014 15:00,0.758333,10.032897186019,20.1430771962744,89.8039467654531,4.96946895116311,30.1080549058741,0.897106411524518
20/06/2014 16:00,0.758333,9.83622289476966,20.0488373875614,90.079276591308,5.02801879957029,30.0024962786786,0.89947410836763
20/06/2014 17:00,0.758333,10.143436210067,20.087774535695,90.2103707101857,5.10910297047432,29.9526456519074,0.912177942335096
20/06/2014 18:00,0.758333,10.0626322602421,20.0493698547193,89.8827337608093,5.16343344999858,29.9921195985614,0.894140979905899
20/06/2014 19:00,0.758333,9.92042426348047,19.7573984740019,89.8375451228698,4.95358488894818,29.7450899962198,0.914759773212858
20/06/2014 20:00,0.758333,10.008416787111,19.9249276726846,89.9771713682475,4.9033274325072,29.9847949152242,0.88419111225216
20/06/2014 21:00,0.758333,10.0716879500307,20.1028484411666,89.9872805293311,4.83248034875997,30.1252040543061,0.902946703915604
20/06/2014 22:00,0.758333,9.92288207218194,19.901848607236,89.7192050410018,4.90123022374557,30.0596769869597,0.897629019837889
20/06/2014 23:00,0.758333,10.1583760852845,19.8835905884019,90.1395568233633,4.96371173226993,29.8450194194069,0.915003120640539
21/06/2014 00:00,0.758333,9.8776516048186,19.9826675313866,89.8901495733026,4.98179307298565,29.9829975966299,0.909546186871626
21/06/2014 01:00,0.758333,10.0493339925492,20.021266112444,90.0339203550662,5.02028049590502,30.0863612926424,0.900592400965309
21/06/2014 02:00,0.758333,9.99566813073036,20.117914961557,90.0154462945652,4.92190335477336,30.1681117591265,0.893316818520337
21/06/2014 03:00,0.758333,9.91926466735667,20.0076327426365,89.930632893105,4.92145899322729,29.9481836798026,0.916722282686414
21/06/2014 04:00,0.758333,10.0859669398073,19.980800773456,89.9144802709285,5.0987326049575,30.0622970669731,0.905099947844892
21/06/2014 05:00,0.758333,10.1644156734645,20.0778160485665,90.1992239154759,5.07140299367049,29.8320427832949,0.908483376927438
21/06/2014 06:00,0.758333,10.002609143012,20.1429967310275,90.1156395058278,4.87993115405384,30.1264792333434,0.91246235538
21/06/2014 07:00,0.758333,9.80445668312982,20.0056498942794,90.0167256546891,5.04479508935835,30.0811709168239,0.903576242752695
21/06/2014 08:00,0.758333,9.9594356789564,20.1337483827389,89.9132975293433,4.99217089647011,29.9835930360537,0.904546709913262
21/06/2014 09:00,0.758333,9.87349364417619,19.8026520311147,89.9362630225981,5.07279458124279,29.9663414453978,0.896259738877703
21/06/2014 10:00,0.758333,9.84941114215852,20.1253355043189,90.0589749701316,5.12913575233649,30.1958700351021,0.903521702373301
21/06/2014 11:00,0.758333,10.1003554263773,20.0492335304878,90.1842517094916,5.06825331201181,29.9929688145349,0.903243894620483
21/06/2014 12:00,0.758333,10.0262053634712,19.9164619504083,89.944304544475,4.96143007391107,29.9268442857925,0.918334653718802
21/06/2014 13:00,0.758333,10.1108186167767,19.9181782938029,89.9480580733381,4.93765194865449,30.0224629831489,0.91919562990973
21/06/2014 14:00,0.758333,9.83629095909884,19.9849414629373,90.0910798356489,5.18018813032635,30.0403816361603,0.912450098945133
21/06/2014 15:00,0.758333,9.90821246997492,20.0143683278228,90.1265980811853,5.01048981686442,29.9601468900836,0.903154627582855
21/06/2014 16:00,0.758333,10.1540044865514,19.9792066625007,89.9216145810012,4.88527209594763,30.0701796482333,0.918564832447265
21/06/2014 17:00,0.758333,9.84485144262944,19.9984492678146,90.0099855077322,5.05883738560983,29.9525856671257,0.901046904587866
21/06/2014 18:00,0.758333,10.030594607723,20.1012349381772,90.00090902966,4.92613311820318,30.1318781133475,0.901482644734527
21/06/2014 19:00,0.758333,10.1045869833255,19.9042493490592,89.9792590729004,4.86682925173275,30.0710112609683,0.901380609486545
21/06/2014 20:00,0.758333,10.0673300090343,19.9366440845505,90.0984451149047,5.05034180510587,30.2387416668643,0.891504424402344
21/06/2014 21:00,0.758333,10.101972390613,20.05854701699,89.9450878348945,4.99529227649667,30.0957423918474,0.890855054364339
21/06/2014 22:00,0.758333,9.97534187880087,20.063062861353,90.0663027155369,4.97282243854468,29.932231380731,0.893754966836555
21/06/2014 23:00,0.758333,9.98977352274847,19.9997827698762,90.0213436027354,5.00434023198956,29.9909041718057,0.897103297099007
22/06/2014 00:00,0.758333,9.80848663509397,20.0031412947924,90.0356786645263,4.93849283729964,29.9766235342229,0.890826227736926
22/06/2014 01:00,0.758333,10.1412264668866,20.0240394608714,90.0089749976015,4.7275504971363,29.9993254508392,0.883742889708715
22/06/2014 02:00,0.758333,10.0820398338256,20.0360560201292,90.1348884224551,5.01714631093886,30.1273530005772,0.880787152766987
22/06/2014 03:00,0.758333,9.9469735372588,20.0442080111359,89.9764018249551,4.87355533514627,29.9024533989004,0.879960023993427
22/06/2014 04:00,0.758333,9.88224113686618,20.0641343211539,89.8957300449212,4.89088638452023,29.9160864396504,0.89842225341692
22/06/2014 05:00,0.758333,10.1340261590317,19.9777630335879,90.0244122977241,4.9579837980404,30.1185965031986,0.876749293131942
22/06/2014 06:00,0.758333,9.79682802951537,20.0851596469667,90.0395321898133,5.00649178241832,29.9749163551918,0.895483067496117
22/06/2014 07:00,0.758333,10.0222530516831,20.0051810741275,90.066870591161,5.18077078726832,30.0343837993657,0.898671030150811
22/06/2014 08:00,0.758333,10.0995786189701,19.9807990440327,90.1143254636419,4.92419240594892,29.9394509591901,0.897504022051335
22/06/2014 09:00,0.758333,9.96489765707987,19.9602774069693,89.9407959326485,5.04513374479743,30.0019221694656,0.905650594350996
22/06/2014 10:00,0.758333,10.0645388218349,20.051934845767,89.7706181927304,5.1082047005551,30.1673935982283,0.896583709427747
22/06/2014 11:00,0.758333,10.1790371875728,20.1529766698359,89.9911315831838,4.98217543952928,29.9931270002076,0.873231985711563
22/06/2014 12:00,0.758333,9.9835797110334,19.845944270396,89.8757331201454,5.07087009026106,29.8733284556567,0.896788729581792
22/06/2014 13:00,0.758333,9.93692632751705,20.136071214208,89.9945452929021,4.89959455648536,29.9150308741058,0.922419442961192
22/06/2014 14:00,0.758333,10.0725995640214,19.9604656317331,89.923329109684,4.92043688802414,29.7634456793192,0.872747870622963
22/06/2014 15:00,0.758333,10.0810148246528,19.9334018522785,89.9617718262864,5.03278327416712,29.9775789707628,0.896275588581219
22/06/2014 16:00,0.758333,9.82030711928736,19.9417296057877,90.1842249338443,4.85559852215377,29.9656251960566,0.882610008575714
22/06/2014 17:00,0.758333,10.0695254575368,20.0580461710419,89.9642329309497,4.95401675777918,30.0554176007939,0.902317024376818
22/06/2014 18:00,0.758333,10.0774130931954,19.9185636665656,89.8920839461725,5.06025990357405,29.8961776135673,0.904111768674635
22/06/2014 19:00,0.758333,9.9464283282446,20.0429480215069,89.9541127913998,5.02269410538591,30.1574960021175,0.900525136317618
22/06/2014 20:00,0.758333,9.82186789589476,20.0299745861852,90.0955623941761,5.03829757601897,30.0389219099693,0.880487038406249
22/06/2014 21:00,0.758333,10.0373635980227,19.7438299163397,90.0718327817407,5.00461602167709,30.0751815611439,0.903021310002759
22/06/2014 22:00,0.758333,10.1331449027641,19.9746739089736,90.0556240951101,4.98100114664447,30.1055466299637,0.900213406571103
22/06/2014 23:00,0.758333,9.9011015988722,19.9323692702115,90.2270161206331,4.87956136562417,29.8455724374656,0.895024347401786
23/06/2014 00:00,0.758333,10.0646712588391,20.0910533891336,89.9586729392349,4.89184993849366,30.0909410923826,0.899673577604738
23/06/2014 01:00,0.758333,9.81141952699826,20.0936717715206,90.0074544670474,5.04573892407924,29.9059140614369,0.888581347143893
23/06/2014 02:00,0.758333,10.1136364366161,20.1288351790084,90.1383870268536,5.01266026079717,30.0372601147688,0.908328159669942
23/06/2014 03:00,0.758333,10.0231244051201,20.1210828449641,89.9694324820397,5.05872663170951,29.9965826351981,0.87435655714097
23/06/2014 04:00,0.758333,10.027639420249,19.9798048262887,89.9443608397769,5.01711138993742,29.9296676974804,0.905401878966645
23/06/2014 05:00,0.758333,9.96004782512046,20.029927496021,90.0322534920595,5.04754734629171,29.8514451720862,0.895241045981247
23/06/2014 06:00,0.758333,9.90084101357835,19.8776583958086,90.1388381319871,5.14697439571927,29.9225285025664,0.916535244190011
23/06/2014 07:00,0.758333,9.95995744241296,20.1710176802388,90.0531018793886,5.00124533937563,29.9703956653586,0.905651354366848
23/06/2014 08:00,0.758333,9.85278995192399,19.8821239214999,89.9588012373311,5.18534927360829,29.9313374618506,0.898130097230442
23/06/2014 09:00,0.758333,9.95496996671039,20.0471793086857,90.0040477540449,5.09911756574406,30.0326566110584,0.900092441827861
23/06/2014 10:00,0.758333,9.80066798167775,19.9968518175198,89.9491197588545,4.79508094848066,30.2238886994401,0.897624196412506
23/06/2014 11:00,0.758333,9.91675012709219,19.9043147673603,89.9748482870919,4.77209937997704,29.987022544654,0.901637571484718
23/06/2014 12:00,0.758333,10.0067163275115,20.0446430386269,90.0665230144195,4.8253579254285,29.9417961955497,0.900307084369638
23/06/2014 13:00,0.758333,10.0098768083641,19.9962148519632,89.9688654576314,4.98842469703905,29.9232208851779,0.898253542116888
23/06/2014 14:00,0.758333,10.1493499083462,19.9912080976747,90.0449277796798,5.03593436907134,29.8750414947207,0.902605468013185
23/06/2014 15:00,0.758333,10.0021480403231,20.1111326235085,90.0425790707544,4.86898660370347,29.948623122972,0.893031631184254
23/06/2014 16:00,0.758333,10.1968778922771,20.1078755265747,90.0821025024549,4.87803723805053,30.0562016834123,0.90945116724925
23/06/2014 17:00,0.758333,9.9900990976188,20.1861179770798,90.0416961033088,5.04097925550112,30.079939916565,0.915514817679711
23/06/2014 18:00,0.758333,10.0218818358052,20.0570679544546,90.0788887805705,4.86702720500011,29.916292105709,0.912587654995078
23/06/2014 19:00,0.758333,10.0481615292528,20.0054751890256,90.1281892186114,5.00244226688891,30.0434737895536,0.883968946475655
23/06/2014 20:00,0.758333,9.93820478188942,19.9279153923703,89.9693392780892,5.06051886362066,29.9858809707093,0.901064892594689
23/06/2014 21:00,0.758333,9.96990179843929,20.1008058878354,89.9100080780076,5.01075554403681,29.9938645299216,0.888128064444444
23/06/2014 22:00,0.758333,10.0435716432046,19.9198601085104,89.9509546550747,5.05665757700596,29.9046896862381,0.902136671398293
23/06/2014 23:00,0.758333,10.176301277704,19.7130586816735,90.1101697661208,5.14688102856288,29.9244250393147,0.921951068298893
24/06/2014 00:00,0.758333,10.0435441501654,20.0066588229184,89.8358272832476,5.05026580817133,30.0080222078846,0.896119340732939
24/06/2014 01:00,0.758333,10.042528612451,20.1196107626856,89.8547983423443,4.87876886461108,30.1520974037788,0.880973701961234
24/06/2014 02:00,0.758333,9.98447379309079,19.9550203583626,90.1258106028937,5.06233160679281,30.0011455161026,0.895286178091515
24/06/2014 03:00,0.758333,9.90407798799248,19.976561485701,89.9293377148497,4.8191360912851,30.0216346263162,0.895276696472038
24/06/2014 04:00,0.758333,9.81435682342002,19.9759396882946,90.0333686033032,4.93568982001459,30.1471197266783,0.895395837380092
24/06/2014 05:00,0.758333,9.97911332710712,19.9246622485983,89.680491179048,5.0446952290474,30.0697390796919,0.89736152081809
24/06/2014 06:00,0.758333,10.0496222966701,20.0145445653156,89.8813764165246,4.96720360925065,29.9159311818082,0.892240942948792
24/06/2014 07:00,0.758333,10.0407511699673,20.014653339234,90.0632585926334,5.12713588924905,30.0298002875694,0.902270761659511
24/06/2014 08:00,0.758333,9.87482637352905,19.9584160502481,89.8803677869075,4.99070851141264,29.9574110148204,0.905635846165439
24/06/2014 09:00,0.758333,9.90093122233232,19.8102713216931,90.002253846748,4.94339491136923,29.8486695049792,0.885041222920968
24/06/2014 10:00,0.758333,10.0895256440582,20.0548650483288,90.1510347721364,5.22072543195809,29.8857875768763,0.905578230102705
24/06/2014 11:00,0.758333,9.89351537218488,19.8890223079822,90.1084932390236,5.09815387484397,29.8951881744678,0.917529893764299
24/06/2014 12:00,0.758333,10.0355625168115,19.8654983334817,90.328543187847,4.94689650469711,29.8217462148389,0.882119908927901
24/06/2014 13:00,0.758333,10.0320927383609,20.2303209858059,89.969325451928,5.15550747436296,30.1656695676974,0.902764389489126
24/06/2014 14:00,0.758333,10.0986995604619,19.9895100744432,89.9095359292787,4.89641808560097,29.9733402766005,0.912955893275184
24/06/2014 15:00,0.758333,9.88868451726604,20.0611151885801,89.8438621948058,4.91407999388364,30.1760861808632,0.892981198697424
24/06/2014 16:00,0.758333,10.0824581895038,19.9609045369666,89.970049941688,5.06401983064095,30.001369499033,0.899203856603487
24/06/2014 17:00,0.758333,10.1740250311699,20.1647008776229,90.0092715140792,5.06297972064319,29.8734339024554,0.893669483852095
24/06/2014 18:00,0.758333,10.0983419259681,20.099654490228,89.972078506227,5.04507313677319,30.1436357396294,0.908943908938991
24/06/2014 19:00,0.758333,10.2168473366045,19.8435472326877,89.9935255845418,4.92758481060154,30.0592883824874,0.889798970364569
24/06/2014 20:00,0.758333,10.1033210878482,20.1408471278374,90.0406182043369,5.01762105740605,29.8124151669028,0.906271670057979
24/06/2014 21:00,0.758333,9.90464230915359,20.1802011315122,90.0665076676364,5.01761540101465,29.9544864215867,0.912568263774927
24/06/2014 22:00,0.758333,9.9690787076591,20.0733340869168,90.1520975811058,5.05401138161722,29.9458194823804,0.895867134265129
24/06/2014 23:00,0.758333,10.0916450246392,20.0779831629743,90.1149167985277,5.04436145249346,29.8883832096001,0.892055882729415
25/06/2014 00:00,0.758333,9.99380102445299,20.0545612159752,89.8932917380782,5.04384864836728,29.9859217681195,0.880651544540075
25/06/2014 01:00,0.758333,9.99017110740885,20.2026805473044,89.8798454341924,4.87508769304191,30.052764676733,0.904624203955775
25/06/2014 02:00,0.758333,10.1165964640335,19.9824801495816,89.8091333128938,5.20104643793677,29.936525115497,0.909456713746123
25/06/2014 03:00,0.758333,10.0311643280115,19.8899382010239,90.143066414759,4.97428231360392,30.0850577886952,0.902255127969911
25/06/2014 04:00,0.758333,10.1584541189764,19.9889686709351,89.8782875058646,4.9848132920508,30.107779489039,0.894650394999403
25/06/2014 05:00,0.758333,10.0966631122204,20.0263381955328,89.9193018854306,5.0891998412014,30.0797124469052,0.914673871072554
25/06/2014 06:00,0.758333,9.97959494101525,19.8776948648725,90.1260519317024,5.02474459564717,29.9056998141639,0.889831932258438
25/06/2014 07:00,0.758333,10.072132177617,20.0971595203722,90.0131240353894,5.00320395034964,29.9966677725088,0.898116690032283
25/06/2014 08:00,0.758333,10.1928873505334,20.1180009545372,89.9925832228441,5.02376906029371,30.0771562398758,0.893374511736665
25/06/2014 09:00,0.758333,9.91390651692597,19.9514125092115,90.0504762788503,5.00575600504361,29.8655414137927,0.886377451202208
25/06/2014 10:00,0.758333,9.79589014595571,19.948405023715,90.322320139722,5.0510260023477,29.9796395405902,0.9087818247594
25/06/2014 11:00,0.758333,10.0455214400083,19.9203682147056,89.929523218184,5.13944034593387,29.9474817471265,0.912300275006009
25/06/2014 12:00,0.758333,10.0978615597094,19.9002079283376,89.9994175090571,4.9438857648024,29.8827260976506,0.886457190285729
25/06/2014 13:00,0.758333,10.0448869246919,19.9646948630551,90.1103642632906,4.86408621539082,29.9710563104886,0.905544793099087
25/06/2014 14:00,0.758333,10.0889920147057,19.8995810374867,89.9527287134694,5.0085084974547,30.1389936160228,0.900415420961737
25/06/2014 15:00,0.758333,10.0812166940237,20.0319083996598,90.1040455785005,5.01119773545168,30.0902258042541,0.888391981755911
25/06/2014 16:00,0.758333,9.81789877384996,19.8564137398064,89.9781749598488,5.02608685755221,30.0038122621257,0.887760282486635
25/06/2014 17:00,0.758333,10.1897834903241,20.0967983116742,89.9067407215318,5.12651479807345,29.8806582340272,0.882102991975044
25/06/2014 18:00,0.758333,10.1303601818305,19.8698670941172,90.173692494992,5.0397460069451,30.1254927384147,0.896470700329013
25/06/2014 19:00,0.758333,10.0076742462225,20.0101732213457,89.7965234856791,5.06772355041684,29.9680278615221,0.893742654892542
25/06/2014 20:00,0.758333,9.97049771531217,20.058871222961,90.0748550904662,4.97640094300763,30.0705137915235,0.893935374846073
25/06/2014 21:00,0.758333,9.94389560768075,20.143501221305,90.0868056078785,5.15557835353342,29.9931612801495,0.89080370894556
25/06/2014 22:00,0.758333,10.0302167043597,19.8120681936681,90.0333684117643,5.0170802073449,29.948088792943,0.906712769582051
25/06/2014 23:00,0.758333,9.88631509221,19.9585552981901,89.8845580029942,5.14669133304225,29.9950339832164,0.895901024992891
26/06/2014 00:00,0.758333,10.135798216759,20.1514458263977,89.8648426678534,5.0122205474401,29.8834244233509,0.904412015850174
26/06/2014 01:00,0.758333,10.0731150886965,19.986791573613,89.7216765341614,5.12809143421941,30.1263500363922,0.901058445423673
26/06/2014 02:00,0.758333,10.1436722819589,19.9116542162611,89.9519321445096,4.86095006990436,30.2428164184349,0.884993160483982
26/06/2014 03:00,0.758333,9.79939154146682,19.9890110385467,89.8582044792239,4.97884668163372,30.0926144802872,0.916904870676385
26/06/2014 04:00,0.758333,9.87694720534696,20.0040520632988,89.8786747352808,5.05947530437739,29.9778219995173,0.898612724641264
26/06/2014 05:00,0.758333,10.0401760941919,20.0271623181253,90.0092370797516,5.05839736962962,30.0555027403325,0.889550810052525
26/06/2014 06:00,0.758333,9.81359192807788,19.9688952105251,89.9278759135092,4.99176086627768,29.915497222055,0.891578963228902
26/06/2014 07:00,0.758333,9.97305761235268,19.9319480154101,89.8739153752454,5.0116207539976,30.0640079225488,0.894672575220828
26/06/2014 08:00,0.758333,9.93315453235785,19.9706281555586,90.0861617290059,5.18040672060007,30.0802090600103,0.889945502427011
26/06/2014 09:00,0.758333,10.1099964996231,19.9626349549057,89.9870246884479,5.09606930960038,29.8386125220868,0.894167714159229
26/06/2014 10:00,0.758333,10.045485003011,19.8324258617749,89.8652121935047,5.12421964063315,30.0631961919523,0.892140057236864
26/06/2014 11:00,0.758333,9.66807334703612,20.0851686447348,90.0668166243004,4.98660094724552,30.1681649153911,0.897664203972683
26/06/2014 12:00,0.758333,10.0756432323274,20.0204015860842,90.075769919434,5.01896031492822,30.096675377561,0.892647761637462
26/06/2014 13:00,0.758333,10.0904714812244,19.8463783722632,90.0908567570952,4.75880401732018,29.8027320755257,0.899792482593773
26/06/2014 14:00,0.758333,10.1132900385202,19.9000376345582,89.9242615123955,4.92991985553962,30.1287869698451,0.921018009917168
26/06/2014 15:00,0.758333,9.90968613440915,19.8904481283766,89.9988685754296,4.7373767758696,29.8666073271353,0.905187248615109
26/06/2014 16:00,0.758333,9.93878957940716,20.003932525741,90.0704449698988,5.06018671987403,29.9541951274674,0.891831579265701
26/06/2014 17:00,0.758333,9.91476207718999,19.842312399613,89.9639457590783,4.83923053229769,29.8964647877479,0.927612212334832
26/06/2014 18:00,0.758333,9.98495642014572,20.0366770397427,89.9770867105677,4.98095522400237,29.9895893112288,0.875780058904571
26/06/2014 19:00,0.758333,10.2323791864376,20.1270296127403,90.2188797122679,5.09146481990629,29.9681079503665,0.89612627384486
26/06/2014 20:00,0.758333,10.1363855356858,19.9240690996427,90.0032901662014,4.73319232130827,29.991058952205,0.894948222334238
26/06/2014 21:00,0.758333,10.1166357666302,19.9594108001826,89.9362080752884,5.01892299923403,29.849963168617,0.916429229722363
26/06/2014 22:00,0.758333,9.89188107246373,20.1142255236005,89.9012989584723,5.14043857889019,30.080587335251,0.931150321936202
26/06/2014 23:00,0.758333,10.0312460752513,20.0954316475597,90.0340557926451,5.02478320497832,29.9869478217385,0.896753853633265
27/06/2014 00:00,0.758333,10.1128978362481,20.1946536760905,89.8626681474319,4.94336210452193,29.9836826262084,0.90814016633787
27/06/2014 01:00,0.758333,10.1171182537672,19.9897016445499,89.8088929214603,4.97482740106262,30.1206803805966,0.890427111947917
27/06/2014 02:00,0.758333,10.0646628324751,20.0840635476891,90.050160548744,5.02710093379337,29.9777570125208,0.924916232428536
27/06/2014 03:00,0.758333,10.1799899008257,19.9521736288714,89.9804113537383,4.98955849898133,29.9933161588624,0.898870716054262
27/06/2014 04:00,0.758333,9.94702571466601,19.9279194887835,90.0377347054178,5.03019737672488,30.0447102873086,0.890766730155594
27/06/2014 05:00,0.758333,9.97532148973341,20.0437724437064,90.1644356951421,5.1398727444716,30.1670183919135,0.882039786533604
27/06/2014 06:00,0.758333,9.99603171277791,19.9133371458374,90.1206586980912,5.07573259313688,29.9131259229153,0.898737537031284
27/06/2014 07:00,0.758333,10.0557806999523,20.0471045309975,90.0683032129981,4.94319499301444,30.1334944290459,0.887873413726983
27/06/2014 08:00,0.758333,10.130211998345,19.9349854787835,89.989879374549,5.05748871576158,29.9373383278155,0.892323293731934
27/06/2014 09:00,0.758333,9.87662975105771,19.9065001918614,90.0343262398162,4.99615222359512,30.0741842092061,0.889933380402216
27/06/2014 10:00,0.758333,10.0259651846981,20.0859590161212,89.9902194902579,4.9679440875173,29.8217273250831,0.890000886202576
27/06/2014 11:00,0.758333,10.0797762993319,20.0109229728206,90.1039640795284,4.84165555945013,29.8421695704738,0.904614566774898
27/06/2014 12:00,0.758333,10.1968616854936,20.0317618483713,89.897808463661,5.05741230448476,30.0387989262915,0.897465443514147
27/06/2014 13:00,0.758333,9.88679740205907,19.7393358453288,90.0233926622919,5.08095996339923,30.1366037541587,0.90599502132351
27/06/2014 14:00,0.758333,9.9123938546127,19.8753697007794,90.0377520872121,5.10112154961026,30.0556456469938,0.9122961440008
27/06/2014 15:00,0.758333,10.0327889541223,19.9696725127478,89.9734197343074,5.0708974606865,30.1156607999453,0.91217404428265
27/06/2014 16:00,0.758333,9.9618310565564,20.2302251422575,89.956303961654,4.9305106075871,29.9423789700759,0.898760908647424
27/06/2014 17:00,0.758333,9.96716644500969,20.0396058355694,90.1579413380869,4.91450743034613,29.9555632762503,0.902861954689897
27/06/2014 18:00,0.758333,9.99398681465661,20.0421914747712,89.9681269610742,5.164018576513,29.8901137405013,0.895100591646414
27/06/2014 19:00,0.758333,9.83958287463205,20.047279526292,89.9847493976357,4.91444525722262,30.0179443504294,0.894576580746108
27/06/2014 20:00,0.758333,9.89355833148405,20.0198609451271,90.0510273980547,5.0744431723943,29.9699079016257,0.894821407914757
27/06/2014 21:00,0.758333,9.97601633513374,19.9330231800269,90.0031864789168,4.95769765693132,29.9139654433779,0.903057204742192
27/06/2014 22:00,0.758333,9.95901718418579,19.9970452896011,90.0568016262611,5.02170192705367,30.2020990930282,0.908306653394815
27/06/2014 23:00,0.758333,9.85005175223139,20.1180674568327,90.0304087192343,4.93431665084553,29.9593327317807,0.914461986076382
28/06/2014 00:00,0.758333,10.0721585602605,20.1074104919398,90.2336811005141,4.91770810816395,29.9855947670413,0.905938729676597
28/06/2014 01:00,0.758333,9.91461986027806,19.8639172893198,89.8771489529428,5.09114654300872,29.8504857199903,0.908132335603602
28/06/2014 02:00,0.758333,10.0179903004412,19.9119515457496,90.0954645123796,4.90087051261125,29.9375215035274,0.903155790415295
28/06/2014 03:00,0.758333,10.1141535915487,20.168074575085,89.9547795863806,5.07615700110058,29.8331231410851,0.90093636513989
28/06/2014 04:00,0.758333,10.1235217708943,19.9817131809613,90.0528879537754,5.06182949557175,29.9708482708389,0.901559060039745
28/06/2014 05:00,0.758333,10.1126829975003,19.896034396028,89.9870064358644,5.06337713428887,29.944620403562,0.901172730084791
28/06/2014 06:00,0.758333,10.2118308653372,19.9643054637613,90.1621049318715,5.10229780818657,30.1180086027582,0.904746921260383
28/06/2014 07:00,0.758333,9.99983202272219,20.0117108167479,89.9783312208739,5.1098610736114,29.8834193944597,0.908556674913678
28/06/2014 08:00,0.758333,10.0242842628057,19.9968661154403,90.0704369437058,5.0657425196711,30.0315010891579,0.898043553812707
28/06/2014 09:00,0.758333,10.0290273364549,19.8949548040338,90.1069077944554,4.96175181298832,29.8197934157397,0.899500589198775
28/06/2014 10:00,0.758333,10.1279727903357,19.9766263037458,89.9884241793479,4.90837570351564,30.0359184799613,0.902753745103395
28/06/2014 11:00,0.758333,10.0372916953645,19.9629853710701,89.9865253192302,5.00360032181205,29.9953296841343,0.914081361025449
28/06/2014 12:00,0.758333,10.1251867084553,20.0395448487318,89.9681361587346,5.07341238205538,29.9128144101967,0.903241468302526
28/06/2014 13:00,0.758333,10.0424102453869,19.9584826345666,89.944570205748,5.04105095845333,29.7764154313212,0.89429080604514
28/06/2014 14:00,0.758333,10.0104279468855,19.9985140764623,89.9831607067819,4.78542479148259,30.0350174024487,0.913188562611539
28/06/2014 15:00,0.758333,10.0295697977895,20.0271983097901,89.8712234716152,4.70789002467232,29.9620175536918,0.90062233826553
28/06/2014 16:00,0.758333,10.1116664069559,20.1336107514509,90.0728834540249,5.0194950116784,29.925989856591,0.910817154929032
28/06/2014 17:00,0.758333,9.94782185805285,20.0662457016856,90.1713872682669,4.95931413140262,29.8921472364081,0.901633335448821
28/06/2014 18:00,0.758333,10.1679771204077,20.0899747269079,90.013013259567,5.03799939665735,29.8644123480012,0.897118765120143
28/06/2014 19:00,0.758333,9.89723225002898,19.9168250224183,89.9835574707151,4.72581254111053,29.9717311796941,0.900312721098854
28/06/2014 20:00,0.758333,9.83195631611847,19.9859416905967,89.9966218150539,4.9722241216616,29.7167430621152,0.897580904849095
28/06/2014 21:00,0.758333,9.86387387003185,19.9630396496386,90.084609025984,5.03673485694133,29.9725699955945,0.902759610366293
28/06/2014 22:00,0.758333,9.88768268097437,20.0609703334691,89.9858311812863,4.99328318336015,29.8841746880357,0.905782427718297
28/06/2014 23:00,0.758333,9.94598014395277,19.8643462099461,90.1196234928491,4.95163755489757,30.0019573330097,0.892535399832441
29/06/2014 00:00,0.758333,10.160906199894,20.0846006632039,90.0045622089372,4.83721624334444,29.8082633121348,0.906203606403047
29/06/2014 01:00,0.758333,10.1250793480643,19.8180462018076,90.036387701743,5.09606091420757,29.7990128606088,0.891152146122672
29/06/2014 02:00,0.758333,10.1269404509581,20.0507736550962,90.1829889072872,5.10620072802465,30.1240689355529,0.884536748573693
29/06/2014 03:00,0.758333,10.0054017275025,20.0113868620944,90.0216895180208,5.06871416975222,29.8834388625062,0.906646873388072
29/06/2014 04:00,0.758333,10.1326122477135,20.2153009733834,90.0410877461155,5.14932480470875,29.9756574751158,0.914016533615297
29/06/2014 05:00,0.758333,10.118997665365,19.9894127723277,89.9621155194192,5.06334538596927,30.1239700059337,0.890941320828743
29/06/2014 06:00,0.758333,10.0230998821431,20.0136466712245,89.914671452389,4.98448841592266,29.9796962934194,0.881564962725246
29/06/2014 07:00,0.758333,10.0339764705787,19.8614723943772,89.749669925113,4.97246102051416,29.9607146803828,0.898473225991772
29/06/2014 08:00,0.758333,9.96538170737644,20.0182795472227,90.129597411194,5.01045772613918,30.0893976749343,0.916709392022521
29/06/2014 09:00,0.758333,9.9014857490375,20.1655869462832,89.8330902293113,4.92174434160414,29.9572631929358,0.912478717611398
29/06/2014 10:00,0.758333,9.92595478418788,20.1327591970056,89.9778403911551,5.10889164335247,30.0777505990589,0.896974391289972
29/06/2014 11:00,0.758333,9.96608424553711,19.9007559391071,90.0705965392702,4.93159821275711,29.8755015656204,0.89618623831659
29/06/2014 12:00,0.758333,9.91216147734533,20.0485249468578,90.012478488552,4.96145585719481,30.0255241692087,0.91888554595643
29/06/2014 13:00,0.758333,9.97922007669277,20.0431750595787,90.218992390043,5.06910393020784,29.8580452086562,0.89272627421667
29/06/2014 14:00,0.758333,9.94020333726179,20.1216499788412,89.9861671468396,4.98572518716367,29.9582975257856,0.913502634198648
29/06/2014 15:00,0.758333,10.1845794625882,20.0614560532339,89.9258948700795,5.1244832282978,30.1167058056847,0.902479274786893
29/06/2014 16:00,0.758333,10.0629973587674,19.9617311815935,90.0682921622176,5.10433630177968,30.050648830546,0.918779102056585
29/06/2014 17:00,0.758333,10.0000419356168,19.9370020737126,90.1059420565885,4.94415755838632,30.0285505959913,0.897247212672273
29/06/2014 18:00,0.758333,9.95391760246803,19.9255948062849,89.9243611214709,5.1208086692081,30.0812267210316,0.89278882940293
29/06/2014 19:00,0.758333,9.85577622645357,19.8665266980152,89.7443584624451,4.97413148593785,30.1719843014,0.916905113688227
29/06/2014 20:00,0.758333,9.86979221844303,19.9930209979911,89.8146492022966,5.04094553416244,29.9296652229137,0.897285515855799
29/06/2014 21:00,0.758333,9.99849316631639,19.9925168425431,89.8950326366918,5.08069698175122,30.0737706721116,0.89022487234035
29/06/2014 22:00,0.758333,9.95983439720285,19.9808149818966,89.7973647675096,5.06580312711781,30.0019256839759,0.887936542016015
29/06/2014 23:00,0.758333,10.01898480802,20.0290704911523,89.985173441182,4.97958207490534,30.1187051949139,0.910233010916072
30/06/2014 00:00,0.758333,10.0449481752818,20.1117169840143,89.9939270500413,5.25174384283509,29.816583886302,0.912513675692821
30/06/2014 01:00,0.758333,10.0259163916974,20.0629735110161,89.9708740204802,5.17253496877217,29.8998391680695,0.9049268518149
30/06/2014 02:00,0.758333,10.0822907629245,19.893581774972,90.0196699236411,5.06043555172392,30.213146195664,0.897567172351483
30/06/2014 03:00,0.758333,10.0461738336641,20.1473950519106,90.0189411952946,5.13472642989685,29.9684622841739,0.891811453922222
30/06/2014 04:00,0.758333,10.071386362229,19.8172979643814,90.0197309774217,4.95202042145512,30.0828349850611,0.888816915971669
30/06/2014 05:00,0.758333,9.87827612194896,19.9125948054944,90.003610254392,4.92179961759478,30.0430216693603,0.894845025598171
30/06/2014 06:00,0.758333,9.96557857459969,20.0151225620559,89.9918126756641,5.02665474859554,30.1151932418692,0.882128231610891
30/06/2014 07:00,0.758333,9.9538160215682,19.9026691786303,89.9542440454448,4.91798806232467,30.0066170893622,0.89513028392019
30/06/2014 08:00,0.758333,9.84085142186226,20.0091809745339,90.006063583629,5.06498494923381,30.1414790675983,0.907822732404745
30/06/2014 09:00,0.758333,10.122099449205,19.8978690277906,90.0967411725834,4.85063552859689,30.0734974582945,0.888829672880947
30/06/2014 10:00,0.758333,10.208575187262,20.0057854443832,90.0201672442893,4.81540059995214,30.0711477478278,0.910650334388405
30/06/2014 11:00,0.758333,9.91488978356915,19.923141586852,89.9090319731074,4.9939722621517,30.0209124362332,0.900154004592793
30/06/2014 12:00,0.758333,10.1819769257473,20.0557957896117,89.9375640727991,5.19256967091735,30.0611830488359,0.899895687569028
30/06/2014 13:00,0.758333,10.0242149954808,19.8498299073296,90.0376582143072,4.92024064129054,30.0334871801864,0.911052381376874
30/06/2014 14:00,0.758333,10.3661336350513,20.1851372920174,90.0398495656893,4.84574212845581,29.9702617767411,0.892264535554836
30/06/2014 15:00,0.758333,10.090942980827,19.9384537051159,89.9281353256688,4.94680013272764,30.0279437721381,0.887370720630171
30/06/2014 16:00,0.758333,9.95424035405225,19.9328312674231,90.0519542545681,4.89664336106115,29.9449462720913,0.910792178647399
30/06/2014 17:00,0.758333,10.0627383153974,20.065337125011,89.9055629821782,4.8117207167615,29.7475520771854,0.903952942729001
30/06/2014 18:00,0.758333,10.0590322998865,19.947017434097,90.0082104022029,5.15262202812447,30.2224832778997,0.89614426612794
30/06/2014 19:00,0.758333,9.97112251057514,20.0316275302298,89.9771822310626,5.14503942618179,30.0339453885963,0.911229171551654
30/06/2014 20:00,0.758333,9.97934745888553,20.0657605226005,89.9760547721704,5.0351657918639,29.9117221453879,0.888518607596776
30/06/2014 21:00,0.758333,9.88723982207559,19.9435766854036,89.9720692628756,5.07240667963954,29.9376598618454,0.893535437834972
30/06/2014 22:00,0.758333,9.97501834816498,20.0539272555914,89.9099106105037,5.10095412926703,29.9853364375932,0.921686049237307
30/06/2014 23:00,0.758333,9.82859749443192,20.2996328297646,90.1030329432561,5.08871117597108,30.0467829548429,0.910041844491564
01/07/2014 00:00,0.758333,9.95109656664045,19.7943711137536,90.0095639210305,5.08123773063955,30.2455172613603,0.89909825054382
01/07/2014 01:00,0.758333,9.95158447509736,19.9928586194316,89.84320583452,5.18817989223929,29.9260621206421,0.881385082595229
01/07/2014 02:00,0.758333,10.0135529094277,20.0735451226877,89.8729106055557,5.15844528459956,29.9671511371846,0.892300630899502
01/07/2014 03:00,0.758333,10.0323668426328,19.9889184152658,89.9318081231716,4.95869863763047,29.9182692459598,0.891152993350872
01/07/2014 04:00,0.758333,9.73269613133199,19.9318719166028,90.0799856363904,5.10767822937791,30.034268067473,0.901444356421044
01/07/2014 05:00,0.758333,10.0428694713678,19.8645347962542,90.0127435935909,5.00887945253617,29.9745835500153,0.908257841784229
01/07/2014 06:00,0.758333,10.0559288707966,19.9007279318576,90.0188118380586,4.93168260443715,30.0527482835582,0.888949597496464
01/07/2014 07:00,0.758333,9.81613185221568,20.0003090517003,89.8394191239768,4.98591098574137,30.2406736334291,0.897803060932031
01/07/2014 08:00,0.758333,9.8284947626663,20.1460712313152,90.0030695296489,5.06013107876003,30.0747476921006,0.900050151609584
01/07/2014 09:00,0.758333,9.96764728580888,19.9421685860389,89.9308518749523,4.94775516269844,30.0098346179467,0.88690679889888
01/07/2014 10:00,0.758333,10.0118117808955,20.024405847505,90.1815781953319,4.98448477852905,30.1496001002477,0.895285340593442
01/07/2014 11:00,0.758333,9.93289551538084,19.9631952803378,90.0481425536017,4.87012024066047,30.0848813115815,0.908645778773286
01/07/2014 12:00,0.758333,10.1457630592742,19.902790481895,89.9328722515581,4.99389221269823,29.8341222485515,0.890438929682604
01/07/2014 13:00,0.758333,10.058316814014,20.0629055221317,90.0618364229503,4.92491037213768,29.992983363626,0.91167234907323
01/07/2014 14:00,0.758333,10.0550221321647,20.1547190252819,89.9952920323495,5.0905948279361,29.9851321703031,0.884522158253561
01/07/2014 15:00,0.758333,10.0968183866758,20.0060025613693,89.8242577181075,5.10683502638291,29.9196546289652,0.911306495141836
01/07/2014 16:00,0.758333,10.1803187471543,19.9868524527674,90.1268694238086,4.98897488584558,29.8597052147418,0.887121537066054
01/07/2014 17:00,0.758333,10.0356112692612,20.0817291226158,89.9208578952058,5.08774852898684,29.9982267811793,0.892392582336667
01/07/2014 18:00,0.758333,9.8218448061012,19.9877030585919,90.047073371401,5.06657112449351,29.884067091672,0.903045810527535
01/07/2014 19:00,0.758333,10.1581996910835,20.0722791336204,90.107545563338,5.12698394499721,29.9320416103149,0.908377234726552
01/07/2014 20:00,0.758333,10.0245394404951,20.1610358175304,89.8997704620694,4.87175719523046,30.0486412596687,0.908165432845178
01/07/2014 21:00,0.758333,10.0621201550498,19.9252777728656,89.9543340531148,5.01355913368804,29.9701048396742,0.883317400053882
01/07/2014 22:00,0.758333,10.1684220796522,19.9661053071325,90.0407368132409,4.75519334689269,29.8459990472671,0.879724706778625
01/07/2014 23:00,0.758333,9.99642017608799,19.9867059868568,89.9988732489431,4.88371521310785,30.0269546134912,0.910657710402708
02/07/2014 00:00,0.758333,9.94496181442945,19.9041013053134,89.9588621256389,5.01554935271694,30.0440004486658,0.912150665783487
02/07/2014 01:00,0.758333,9.94929878279915,20.1327492654673,90.1493012116718,5.1362522484835,30.05784238547,0.915777275884411
02/07/2014 02:00,0.758333,10.0488405922531,20.0663851516166,89.8198067483877,4.80583200148903,29.910719040581,0.905301394734989
02/07/2014 03:00,0.758333,9.8684942198136,19.9470521883409,90.0813896342722,4.9727447341377,29.9534315324805,0.887100139459299
02/07/2014 04:00,0.758333,10.0615695915748,20.1235239125794,90.0675972632161,5.17170440131577,29.9611984566235,0.907421436769515
02/07/2014 05:00,0.758333,10.0606991810466,19.9485263877077,90.1041191810502,5.06044665960247,29.9775157027509,0.912497806511515
02/07/2014 06:00,0.758333,10.0901677336258,19.9874462283814,89.9411008040462,4.95409768823255,30.0273406655582,0.902576404447553
02/07/2014 07:00,0.758333,10.101440814282,20.1258134325829,89.8507320817005,5.0770963345697,29.8880582238585,0.878002652795943
02/07/2014 08:00,0.758333,10.091927809879,19.9988458629506,90.0222427047433,4.89729146363129,29.8673941304023,0.901590447516136
02/07/2014 09:00,0.758333,9.8826698178389,19.9395113209345,89.9571316163108,4.99892014953233,30.1651034627702,0.897372588219962
02/07/2014 10:00,0.758333,10.0268708200282,20.046491082432,89.9512102178694,5.1177053052671,29.8996351923701,0.908031272171908
02/07/2014 11:00,0.758333,10.0079455827203,20.0883597571017,90.1893286804271,4.856915648471,30.0127306237814,0.891814115844917
02/07/2014 12:00,0.758333,10.0292067749488,19.8068537374845,90.0540711840523,5.04029426185545,30.0497594820643,0.910752992144968
02/07/2014 13:00,0.758333,9.99111812291205,19.9557850437854,90.0108480023647,4.81498630262707,29.9492382404856,0.910627459843473
02/07/2014 14:00,0.758333,9.97348820089851,20.0455060484002,90.0066267928357,4.97125025458047,29.9933367031203,0.904618516810447
02/07/2014 15:00,0.758333,9.96822254593212,20.1359054800893,90.0506898665998,4.95836860524749,29.8968475333188,0.887535442957134
02/07/2014 16:00,0.758333,10.0008089633316,19.9434398750548,89.9207875880556,4.83138775260164,30.1147748087123,0.894132532467799
02/07/2014 17:00,0.758333,10.1870207119926,20.108794624308,89.9000048434128,5.06203050586738,30.1814363157384,0.899446884188239
02/07/2014 18:00,0.758333,10.070847467785,20.0023580493226,90.0258706252305,4.87459391624318,30.0571404751027,0.889287953974999
02/07/2014 19:00,0.758333,10.062351435686,19.9674865741505,90.071287819206,5.03327750552544,29.9754857627948,0.892403581003092
02/07/2014 20:00,0.758333,10.0268302169824,19.9599228827511,89.9912128140008,5.02656918052497,30.099778050089,0.890967519245406
02/07/2014 21:00,0.758333,10.042419456159,19.9573433182769,89.844085327841,5.00681154253775,30.0449496391328,0.915017446408863
02/07/2014 22:00,0.758333,10.0041504925047,19.8220268002834,89.9312837450696,4.95672394215201,29.8482920161199,0.915456999481041
02/07/2014 23:00,0.758333,10.0859197647398,19.9995640728324,89.8390876312465,4.89147099920766,30.0092756676577,0.893269665272781
03/07/2014 00:00,0.758333,9.90160588079369,19.8519304857571,89.9068677404406,5.05182187981018,30.0843166366104,0.895847029290469
03/07/2014 01:00,0.758333,10.0457463735564,19.9825576078451,90.0982896493154,5.06075314024445,29.9904295450603,0.894872675552744
03/07/2014 02:00,0.758333,9.8681002871672,20.0616342342897,90.1196300081155,4.9294874719415,29.9336445766853,0.897793036871484
03/07/2014 03:00,0.758333,10.0282246467882,19.9960046433308,89.7897738056096,5.04121733007571,30.1046260256838,0.899004532012073
03/07/2014 04:00,0.758333,10.177459619712,19.9975128491574,89.9567268866009,4.9936442543568,30.0093060824566,0.903034666813285
03/07/2014 05:00,0.758333,10.0622948951291,19.9956391710825,90.1322933440845,5.07345361711118,29.9966641552265,0.893830143772977
03/07/2014 06:00,0.758333,10.1780155198031,19.9362593603224,90.1934848734259,4.85267718199741,29.9750599000283,0.906916623754923
03/07/2014 07:00,0.758333,9.88750994800137,19.8773609963176,89.9743868988333,5.05970568640527,29.9752115167026,0.910621572905813
03/07/2014 08:00,0.758333,10.1013786148637,20.0045442900653,90.1293120197415,5.05646752106688,29.9625413770649,0.8870679341691
03/07/2014 09:00,0.758333,9.80079654974551,20.0181209061052,89.8195841841777,4.99371313361286,30.01263000608,0.890053790311563
03/07/2014 10:00,0.758333,10.2617028717432,19.9902649008209,90.0952868268442,5.09849261459146,30.0682106932406,0.900371825557209
03/07/2014 11:00,0.758333,9.81244190879909,19.8998726156923,89.9768011333337,4.79789279487937,30.094483166868,0.923404161631003
03/07/2014 12:00,0.758333,10.044953306656,20.0067567908268,89.9270513080453,4.94963134139807,30.0720041284839,0.902845173913659
03/07/2014 13:00,0.758333,9.98099792556205,19.9306868844154,89.8975761676705,4.93063665132437,29.926545321572,0.90850793598672
03/07/2014 14:00,0.758333,9.95488709033674,20.0464490582984,90.0232492078794,4.90051626421306,30.0810098397949,0.913953295206783
03/07/2014 15:00,0.758333,10.1401729634967,20.0315447441433,90.2265724815615,4.98827688077349,29.8562924842895,0.885706884929154
03/07/2014 16:00,0.758333,10.0695896008235,19.9933621918509,90.2286873116975,5.06145471577348,29.9440477229578,0.895106725973317
03/07/2014 17:00,0.758333,10.0611161623437,20.0570460906834,90.0538222876724,4.97311266667875,30.1482548633589,0.923564579189675
03/07/2014 18:00,0.758333,9.97745123247514,20.006289933793,90.0464757897032,5.19434653983435,29.9492856001729,0.898172937158591
03/07/2014 19:00,0.758333,9.88140438521988,20.1380852018074,89.9543610465664,5.16626415177052,29.8918819330253,0.880176611057166
03/07/2014 20:00,0.758333,10.1048992709124,19.9073474080393,90.0369144489303,4.8317405479294,29.8784918426343,0.908391520246603
03/07/2014 21:00,0.758333,9.97425946915993,20.1043445729039,89.9319541174093,4.96451931551073,29.8612856542126,0.902148863705914
03/07/2014 22:00,0.758333,9.97458163197481,20.109597009125,89.8979555417673,5.00527122424033,29.8887667810054,0.914111915098858
03/07/2014 23:00,0.758333,9.94386489128649,20.030423589867,90.0128267313311,4.9859003451523,29.7903283417005,0.895874232989072
04/07/2014 00:00,0.758333,10.0421723860655,19.9702595323976,90.0379643295914,5.14076826379119,30.0482536176907,0.917384713882286
04/07/2014 01:00,0.758333,10.0039771332793,20.1304166552425,90.0091676192633,4.91616867967161,30.0934656997298,0.900432610122269
04/07/2014 02:00,0.758333,10.0744012757815,19.9730609523211,89.9598458124457,5.11130087489538,30.1142483668227,0.896773550596801
04/07/2014 03:00,0.758333,9.89474417032616,20.0505647619958,89.8775201610441,4.93916979057923,29.9828218021281,0.893048967600921
04/07/2014 04:00,0.758333,9.93094187350271,19.9155070160772,90.1184698525471,5.04804395120547,30.0411199207036,0.886036874767901
04/07/2014 05:00,0.758333,10.2631268981614,20.0740341926835,90.2223431100267,4.91207401708382,29.8412718768268,0.88484595780987
04/07/2014 06:00,0.758333,9.98940238796185,19.9575137631084,89.9138166453993,4.9564205630622,29.9265107668496,0.905042135456035
04/07/2014 07:00,0.758333,10.2434249250266,20.1553685302757,90.0755002182031,5.03932334001996,29.9048539711146,0.914035106676243
04/07/2014 08:00,0.758333,9.86098125225125,19.9563147968549,90.1965480784897,5.0190622399952,30.2368489726186,0.896255500297254
04/07/2014 09:00,0.758333,10.1041053972839,20.0056804490853,89.9618311284206,5.00641931396097,30.0680331269986,0.905072567401406
04/07/2014 10:00,0.758333,9.99040934567001,20.1967394538508,90.0342935565423,5.05700301253929,30.172053561761,0.897893821621618
04/07/2014 11:00,0.758333,10.1171024265209,19.9704707290345,90.048482541718,4.98241597913992,29.9304263291163,0.928793361476869
04/07/2014 12:00,0.758333,10.1406000248662,20.1239833079895,89.8674568499414,5.02637917411727,29.9757745010156,0.89835717311441
04/07/2014 13:00,0.758333,10.0962641884698,19.8693527051805,89.7238147639578,4.93323640430235,30.0066685675597,0.90302761375585
04/07/2014 14:00,0.758333,9.98708818988664,20.0645887409424,90.000969764468,4.92717264736909,30.1008381601237,0.887748409588576
04/07/2014 15:00,0.758333,9.87084616002978,19.9805254501503,90.0051187567356,5.17115957138857,30.0824461499785,0.900060717351397
04/07/2014 16:00,0.758333,10.0177504650111,20.0310972084141,90.0551489233506,4.9704064692353,29.8890171572603,0.90204072155633
04/07/2014 17:00,0.758333,10.037980430419,20.0409159932108,89.9683252437426,5.10423559899283,30.0079497197275,0.901735266575487
04/07/2014 18:00,0.758333,10.1856158654206,19.8009019098453,90.0821933725125,4.94398679207256,29.8257958346701,0.904051093712136
04/07/2014 19:00,0.758333,9.88408710639541,19.9020067841441,89.9850987944274,4.94343725646962,30.049109054213,0.911949668857198
04/07/2014 20:00,0.758333,10.0616998722036,19.9049952733525,89.8759388999812,4.86391311644517,30.1500262044659,0.900508129819234
04/07/2014 21:00,0.758333,9.9806744463869,20.0003231436954,89.9374555032409,4.826121853925,29.8573600900404,0.914641682768839
04/07/2014 22:00,0.758333,9.77956351564346,19.8736310906242,90.0162214325621,5.11533661651311,30.0000186023823,0.918739896129035
04/07/2014 23:00,0.758333,9.83689452389739,20.1159880306185,89.9818289819545,5.06093696338991,29.9523632083776,0.914819803541767
05/07/2014 00:00,0.758333,9.86415276441009,20.0351419856646,89.8517571092169,5.25882032149596,29.940486983984,0.890923999964996
05/07/2014 01:00,0.758333,9.88377457185454,19.9764771931289,89.8611310954056,4.85845776531022,29.89615745082,0.898670941034276
05/07/2014 02:00,0.758333,10.1233409056041,19.8672041278101,89.9947546038921,4.91766632101673,29.9425520336322,0.905770190067095
05/07/2014 03:00,0.758333,10.0588347322381,20.1267296116726,90.1068028197085,4.92493346502341,29.9405735603132,0.916242360768379
05/07/2014 04:00,0.758333,10.0598232002659,20.057571166696,89.944597086327,5.04592872249224,29.9442027060109,0.896618224219923
05/07/2014 05:00,0.758333,9.98606660672401,20.1579038220669,90.0178062628612,4.94445893646438,30.0991438347368,0.915673902887431
05/07/2014 06:00,0.758333,10.2396163290308,19.881572383018,90.0208125161555,4.94635093654671,30.0556993219832,0.912765738753356
05/07/2014 07:00,0.758333,10.0982230919193,20.1269894717438,90.1406507395847,4.99346578814832,29.9730203446974,0.908725822190867
05/07/2014 08:00,0.758333,9.98846701431622,20.1799264536998,90.0236264700877,5.12007381417691,30.0004339175446,0.894424553357712
05/07/2014 09:00,0.758333,9.92921611641923,20.1446366291785,90.2487588585384,5.05272717641937,29.9436345096434,0.908126102228016
05/07/2014 10:00,0.758333,9.87597885835195,20.1567230999184,89.7920666391787,4.83348556440868,30.0456517270397,0.898507101619551
05/07/2014 11:00,0.758333,9.97224753533491,19.9689723657289,89.980262559926,4.99328912716637,29.9432176272771,0.906973901329227
05/07/2014 12:00,0.758333,10.0617388180805,20.0019992471424,89.9933607808346,5.04423701790097,30.0198637628936,0.911858581002188
05/07/2014 13:00,0.758333,10.1300524340118,20.0656658001469,89.9338422238917,5.08411952386235,29.9725253254628,0.895847646775004
05/07/2014 14:00,0.758333,10.0466168629983,20.1376316456262,89.8663649675145,5.17894414412945,30.1873900139032,0.887483830865741
05/07/2014 15:00,0.758333,9.86251570498494,20.1936349710558,89.8246263905827,5.06423247662161,30.0692529206784,0.905634258669796
05/07/2014 16:00,0.758333,9.82403021313216,20.0767935848999,89.9178865820151,5.2013509132997,29.945247507589,0.893455977825032
05/07/2014 17:00,0.758333,9.91398747670797,19.9373604773487,90.0163189287994,5.06266001164966,29.9739317135375,0.8967904245059
05/07/2014 18:00,0.758333,9.95467303663922,20.1324115456374,90.1323744349597,4.88296030365203,29.863692831355,0.907413220048834
05/07/2014 19:00,0.758333,10.1083515019026,19.7465968402713,90.0790109427107,4.86512450032544,29.9247049668819,0.895584325704096
05/07/2014 20:00,0.758333,9.93594408350823,20.0066713786045,89.9669786274333,4.91186181599621,29.9826483859246,0.908963952860425
05/07/2014 21:00,0.758333,10.0308124342806,20.2466267616478,89.942536888755,5.06793905777736,29.9530190503845,0.896926946613305
05/07/2014 22:00,0.758333,10.0201720896654,20.0243307339159,89.8790540858854,5.10832667004244,30.065216142144,0.896564733382175
05/07/2014 23:00,0.758333,9.95810156161054,19.8783211371439,90.0915323051778,4.89549640378706,30.056556968541,0.919663776270468
06/07/2014 00:00,0.758333,10.0655029915992,20.1288692269846,89.9988711939957,4.91805414001678,30.0478794641483,0.882381960292315
06/07/2014 01:00,0.758333,10.1682710324947,20.0522518503019,89.9496088998263,4.95614025989851,30.0791498168589,0.90517653292232
06/07/2014 02:00,0.758333,10.1145649631222,19.9829403449388,89.9276626258532,5.07356170646368,30.0628322065044,0.888682394504377
06/07/2014 03:00,0.758333,9.90383690886158,20.1059759361227,89.9384068476425,4.96405349747724,29.9601923980328,0.899730350024553
06/07/2014 04:00,0.758333,9.99034847618937,20.0557854918186,90.0334361949557,4.98203266126761,29.9000475898889,0.859847377970977
06/07/2014 05:00,0.758333,10.0139583746005,19.989870416476,90.0029907192718,4.95330688342673,30.1507168261426,0.88285228882946
06/07/2014 06:00,0.758333,9.94650394316821,19.9226729949178,90.0044626936252,5.0533108809261,29.781773831715,0.896605881931225
06/07/2014 07:00,0.758333,9.87053862045434,20.0119807718004,89.7486455970242,4.97829316287211,30.1276477407792,0.915857981430209
06/07/2014 08:00,0.758333,10.1616623844647,20.0256334993739,90.0742390796814,5.08882252507189,29.8210052769464,0.917675713563095
06/07/2014 09:00,0.758333,9.93561524545851,19.8472154412157,90.0274970552867,4.97642283619466,29.9491029706195,0.89438541686735
06/07/2014 10:00,0.758333,10.1130554426127,20.0495806466214,90.1276196620264,4.83198255793156,29.8898511165854,0.890581494128218
06/07/2014 11:00,0.758333,9.96438312893198,19.9063332016129,90.0595284869813,4.80982869773766,29.9523793841217,0.893062913207966
06/07/2014 12:00,0.758333,9.89457569400422,20.0422381192777,90.1364493357897,5.08104195461353,29.9645025195246,0.890710098724297
06/07/2014 13:00,0.758333,9.78481837594317,19.8721464837003,89.991795597427,5.02983540922043,29.8986896257396,0.897006182223917
06/07/2014 14:00,0.758333,10.0733904695076,20.0878141377738,90.0513972557786,4.96489191474821,29.8822438569983,0.906505192115688
06/07/2014 15:00,0.758333,9.86299190258871,20.1575581371733,89.9463043371942,4.89300827323764,29.9909979948469,0.899991371265727
06/07/2014 16:00,0.758333,10.1030972934146,20.0217910688255,89.9492796682521,5.07936651727434,30.1443742646522,0.892560731083955
06/07/2014 17:00,0.758333,9.96246096257678,20.0775627917904,89.9209603795218,4.90441200589751,29.9901645332362,0.91323869586737
06/07/2014 18:00,0.758333,10.0189120819448,20.0118682032877,89.992220432071,5.08189609690562,30.0124077742232,0.910054875076999
06/07/2014 19:00,0.758333,10.0612070296504,20.1116861410552,90.0784584625006,5.13247923798541,30.1045542986758,0.893807309855426
06/07/2014 20:00,0.758333,10.1812177599915,19.9758324992453,89.8778790624412,4.96061798001335,30.1174395713462,0.905147651143656
06/07/2014 21:00,0.758333,10.0013294560594,20.048709348431,89.8897174282473,5.07508815578533,29.9830479336817,0.900754153886887
06/07/2014 22:00,0.758333,9.90262334387461,20.0323229561015,89.8936786662734,5.03793508988129,30.0493923053785,0.897075379677322
06/07/2014 23:00,0.758333,10.018096063663,19.8623884331675,89.9955004504418,4.98195939186536,29.914418460937,0.917608379918748
07/07/2014 00:00,0.758333,10.1162011262547,20.077043842462,89.9082863236954,4.96160986839456,29.884529504965,0.910506218438927
07/07/2014 01:00,0.758333,9.95017099020344,20.0083379998356,90.1990729910219,5.09445134468571,29.9398273793934,0.900406949511737
07/07/2014 02:00,0.758333,10.0569489838019,19.9562480401339,90.0388708674745,4.81770918729211,29.8754516536596,0.908480806305677
07/07/2014 03:00,0.758333,9.76904326459304,19.8474647711643,89.8918316556326,5.02722220211052,30.0202759824581,0.912471322765304
07/07/2014 04:00,0.758333,9.91979600641419,20.1654355444985,89.8908447701655,4.98936644255246,30.0531165726979,0.906732020627888
07/07/2014 05:00,0.758333,10.0106471334544,20.0029580546651,90.0113636444104,5.05984432647927,30.0843230516793,0.900209192028465
07/07/2014 06:00,0.758333,10.1732901568509,19.9602054311186,89.9560450651312,5.1091412568712,29.9514666662182,0.900988572501125
07/07/2014 07:00,0.758333,9.95379541327353,19.9855087564573,89.9769270782708,5.13767321721516,29.8699830538051,0.900859304666178
07/07/2014 08:00,0.758333,9.85624451934316,20.1045123788177,89.9232856623133,5.01183472257049,30.0713447964841,0.900033164101671
07/07/2014 09:00,0.758333,10.1212194602716,20.0531220934016,90.1316046746674,4.93564086518409,30.0030804385805,0.907999357159508
07/07/2014 10:00,0.758333,10.1494371464744,19.9983682057391,90.078338815552,4.95409891524625,30.1123507468783,0.894174315633524
07/07/2014 11:00,0.758333,10.0032602830294,19.8769260479677,90.1316549601202,4.89372708849366,30.1059843505853,0.895596032378191
07/07/2014 12:00,0.758333,10.0734642916341,19.9127597197198,89.9445763002834,4.88412376555617,29.9183654009946,0.893602535479199
