635863 5165317
613582 5181426
626323 5188431
611860 5165895
623672 5172466
621152 5164300
624957 5151212
622375 5152605
611802 5153797
632465 5152929
637174 5181201
639220 5178015
652371 5167937
660393 5184194
663324 5172718
636332 5149389
661472 5165961
635863 5165317
626323 5188431
616720 5181393
616288 5173583
612672 5173341
611860 5165895
623672 5172466
621152 5164300
622375 5152605
629729 5164018
636292 5164894
636155 5179372
652371 5167937
659362 5184669
663324 5172718
661472 5165961
640591 5149772
621671 5168733
620815 5171506
621733 5172112
