10.7747932846642 46.6276465368386 0
10.487820394115 46.7767107658464 0
10.6565821229398 46.8374320171142 0
10.4614946467226 46.6372804052734 0
10.6175260251719 46.6943161161507 0
10.5824345064632 46.6213170002286 0
10.6285857731683 46.5028817858158 0
10.5953142400753 46.5158873932697 0
10.4578161541515 46.5284504270002 0
10.7268840782215 46.5168921445078 0
10.7966448277116 46.7702533766224 0
10.8224619952927 46.741172881435 0
10.9911780681836 46.6476630821054 0
11.1016108946246 46.791993028343 0
11.1359071564801 46.6880790441999 0
10.7762343945185 46.4842770276895 0
11.1093386738 46.6277614792571 0
10.7747932846642 46.6276465368386 0
10.6565821229398 46.8374320171142 0
10.5289021719975 46.7758722393804 0
10.5212676087969 46.705688980821 0
10.4739204368367 46.7041309067966 0
10.4614946467226 46.6372804052734 0
10.6175260251719 46.6943161161507 0
10.5824345064632 46.6213170002286 0
10.5953142400753 46.5158873932697 0
10.6943360751327 46.6171762339599 0
10.78026982511 46.6237545962079 0
10.7827621134222 46.7540106335686 0
10.9911780681836 46.6476630821054 0
11.0882763257725 46.7965119514098 0
11.1359071564801 46.6880790441999 0
11.1093386738 46.6277614792571 0
10.8318110418713 46.4868470982221 0
10.5903791910651 46.6611017059641 0
10.5799216319326 46.6862021615466 0
10.5920819966616 46.6914872417993 0
