Date,Iprec,WindSp,WindDir,RH,AirT,Swglob,CloudTrans
17/06/2014 12:00,0.758333,10.0756308591834,20.1120412731701,90.1390215043051,4.99632858798564,29.9995092035372,0.900318336720837
17/06/2014 13:00,0.758333,9.98126556919711,19.9856658403293,89.6961896676126,5.02179720010917,30.0920496525833,0.903722456255754
17/06/2014 14:00,0.758333,9.94638662665937,20.1078882500343,90.2203836781591,4.92975392244645,30.0239871688529,0.901056324545046
17/06/2014 15:00,0.758333,9.94335392482962,20.0065222753925,90.0911988430715,5.04516044542434,29.9855920887541,0.901687735661937
17/06/2014 16:00,0.758333,10.1392574886763,19.9802713791137,89.967162844706,4.94226976891876,30.0941034593966,0.918361809981401
17/06/2014 17:00,0.758333,9.99523944924639,19.8758499260374,89.9406124952184,5.11490836433031,29.9971913258471,0.885950281171594
17/06/2014 18:00,0.758333,10.0494860439506,19.9224957966368,90.0835902341045,5.09424230496734,29.8458754342363,0.889994882320375
17/06/2014 19:00,0.758333,9.9688891390532,19.9311112507211,90.0527112737521,5.0007668207428,30.0494628852018,0.909856126011113
17/06/2014 20:00,0.758333,9.83995530017753,19.9585681845403,89.9638544723869,5.12137066804826,29.998566314306,0.895717435965375
17/06/2014 21:00,0.758333,9.81175935122188,20.1312412794378,89.8270900709999,4.94092634369686,29.9551888222806,0.89657300256878
17/06/2014 22:00,0.758333,10.0795419704549,20.0816351369286,90.1547626596299,5.03673782404259,30.0036262567469,0.881941952314079
17/06/2014 23:00,0.758333,9.95619094041866,20.0752643549609,90.0761387605712,5.12516938846502,30.0058177403519,0.88961104612965
18/06/2014 00:00,0.758333,10.1491637503539,20.0546334898376,90.0540543857515,5.0003220530554,29.8177412639497,0.902507131413502
18/06/2014 01:00,0.758333,10.1255446967355,19.946696405382,90.004803224271,5.12545641254757,30.0500539499189,0.901055631916479
18/06/2014 02:00,0.758333,9.95714979595246,20.0481395717052,90.0783157649348,4.95197955361784,29.8976732223616,0.897718717657034
18/06/2014 03:00,0.758333,10.1542728854782,20.0893753885344,90.1017608202918,5.26950409891131,29.8946362762153,0.88591310996488
18/06/2014 04:00,0.758333,9.98394427521838,19.9940746256223,90.2275220831677,5.01246868484427,29.7890080569751,0.912344734500164
18/06/2014 05:00,0.758333,9.94070763451785,20.0840416627452,89.9834318872331,5.06082290083902,30.09280472063,0.903756010904532
18/06/2014 06:00,0.758333,9.94872327657374,20.2112518401882,89.9524919359641,5.25145309915694,30.0206566802321,0.899222156671166
18/06/2014 07:00,0.758333,9.94299590718661,19.9193691891642,89.9198140372603,4.86353644581509,30.0406835257007,0.900133255178407
18/06/2014 08:00,0.758333,9.95088387991907,20.0339547550432,90.0823926093133,4.85769203452006,30.1591674187197,0.900796110387651
18/06/2014 09:00,0.758333,10.0537492291091,19.8639608653198,89.8640766768934,5.06748937600644,29.9319704197404,0.901561860539304
18/06/2014 10:00,0.758333,10.0654463564985,20.0966787811773,90.1649371760902,5.03787989799995,29.9698784263391,0.901995449602739
18/06/2014 11:00,0.758333,10.0344497328282,20.0496293611245,90.001026559113,4.9653801310062,29.8632661695737,0.88739040817069
18/06/2014 12:00,0.758333,9.98172711614288,20.1883757198889,90.0451905703985,4.99265342293796,30.0091346930648,0.888364786531364
18/06/2014 13:00,0.758333,9.9155107082604,19.6164394921196,89.9846949577466,5.00949172124954,30.025248620601,0.893602243707823
18/06/2014 14:00,0.758333,10.1698281336007,19.9637049548426,90.1640797507505,4.86249223012168,30.0736618591109,0.887054736968328
18/06/2014 15:00,0.758333,9.96799341381747,20.0467835038248,89.8315685202947,5.06221931159955,30.0907808342752,0.90498928973552
18/06/2014 16:00,0.758333,9.90640453887868,20.0271282052164,90.0042964621323,4.98456128082075,29.7746346066917,0.896722301269361
18/06/2014 17:00,0.758333,10.2260520422373,19.8618076007055,89.929942077448,4.9294269412573,30.0326783066919,0.888878378924846
18/06/2014 18:00,0.758333,10.0201919922164,19.9387549699166,90.0686457911358,5.03039520086905,30.1150202772611,0.913351500403239
18/06/2014 19:00,0.758333,10.2753033593875,20.0317234564395,89.8784877572314,5.02896438046623,30.1769560502076,0.90414048180624
18/06/2014 20:00,0.758333,10.2915833939788,19.9895669139958,90.168127986974,4.91409908939551,29.8862442040221,0.900598335246956
18/06/2014 21:00,0.758333,9.99833265396387,19.9696582595636,89.9518685964045,5.15659401447349,30.1457860155238,0.907884758529955
18/06/2014 22:00,0.758333,10.1090433343873,20.0177280859278,90.106685846136,4.90199860765009,30.0208868147811,0.895424411924948
18/06/2014 23:00,0.758333,9.95048489633018,20.1396068798776,90.1674496185159,4.91840647161446,29.8972930860983,0.892818733294087
19/06/2014 00:00,0.758333,10.129337987791,20.0291980182252,90.0515287197675,5.12070555022343,30.1104749488284,0.905536664748145
19/06/2014 01:00,0.758333,9.87333979740247,19.9862356731369,90.0500610914011,4.92580702594631,29.9889161465436,0.90081736089204
19/06/2014 02:00,0.758333,10.0657904110638,19.9599058777173,90.1197600498454,5.07864386011311,29.7718293351062,0.88294381459509
19/06/2014 03:00,0.758333,9.97937701594672,20.0357359302781,89.8904717366392,5.04193202273939,30.1753858750545,0.904201122575669
19/06/2014 04:00,0.758333,9.842122933566,20.0426401914398,90.2320362071981,4.9786711074342,29.9744169327301,0.898532244119546
19/06/2014 05:00,0.758333,9.89023753246352,19.9504032174714,90.0468670997311,5.01098235690647,29.7901492622334,0.906857175629206
19/06/2014 06:00,0.758333,9.77642094372665,19.8566028844031,90.0424925855479,4.88651163665125,29.8907464825205,0.9081833643235
19/06/2014 07:00,0.758333,10.140658988232,20.0729124233697,90.0522730324053,5.14092754646333,29.9823400006443,0.908473171796514
19/06/2014 08:00,0.758333,9.96331166603182,20.0232114697615,90.0990610445394,4.92820561658872,30.0272241623684,0.904171223711895
19/06/2014 09:00,0.758333,9.9460656104905,19.9051414951317,90.0289971376012,4.95384365235141,30.0000649353993,0.927079622610338
19/06/2014 10:00,0.758333,9.96736449194645,20.0367243526065,89.9779225170041,5.04234415938933,29.9566732671219,0.902946819441412
19/06/2014 11:00,0.758333,9.98859467170066,20.0090575847326,90.0635207982418,5.06879965885597,29.9693060298267,0.888834588598711
19/06/2014 12:00,0.758333,9.89299359267905,20.0130303296589,90.1280797011148,5.05109644536487,30.0358427984332,0.902891421882849
19/06/2014 13:00,0.758333,10.0183034611513,19.8231688884496,90.0772313264949,4.89403493756073,29.9791066616038,0.909136348579491
19/06/2014 14:00,0.758333,10.0113816776278,20.1082144185306,89.966611340062,4.91165836845692,30.0379092332654,0.893346791757908
19/06/2014 15:00,0.758333,9.87681089845247,20.0038787975187,90.04114170363,5.02758502421552,30.1705905485721,0.899825216975063
19/06/2014 16:00,0.758333,10.1308207954178,20.0298197935633,89.9658514519009,4.7841983384249,30.0679985150751,0.895331229627328
19/06/2014 17:00,0.758333,9.92484930115764,19.97323145277,90.0166930655899,4.95647411789565,29.8693314525957,0.894145307856601
19/06/2014 18:00,0.758333,10.0210621721138,20.1412283213545,89.9999620202757,5.03446585899775,29.9160559297969,0.911555959103664
19/06/2014 19:00,0.758333,9.90625599074956,19.9242866955369,90.040520793337,5.01107062098414,30.0156379023059,0.913277539888212
19/06/2014 20:00,0.758333,10.0107279923489,19.9088354898245,90.0838917325996,4.98689925824104,29.9127812453261,0.888108640067534
19/06/2014 21:00,0.758333,10.070309957558,20.1903957737964,89.9931695961038,4.9225466629268,29.9963831056511,0.892197652574372
19/06/2014 22:00,0.758333,10.011032365006,19.8997797584003,90.2235584085976,5.17305537926704,29.9825157175108,0.884950891757734
19/06/2014 23:00,0.758333,9.99344276375512,20.1751017299363,90.0017818932597,5.14272056127658,30.0702884543883,0.91874968186804
20/06/2014 00:00,0.758333,9.98780611203729,20.0442588258077,90.0132253869351,4.98552778824343,29.9874601177483,0.895777752054949
20/06/2014 01:00,0.758333,9.94091276640597,19.7775179407414,89.9875249729667,5.05927698269467,29.8777785457291,0.881131759659562
20/06/2014 02:00,0.758333,10.0490795632978,20.1130833035413,89.9245112776228,4.97359832219445,30.0851794337985,0.917427934654189
20/06/2014 03:00,0.758333,9.92944596995026,20.1095337410794,90.0497451124483,4.86393149951056,29.9663969577988,0.903025440019204
20/06/2014 04:00,0.758333,10.0569508568357,20.1240180416725,90.0066479000486,4.7493730727373,30.0745127684975,0.894420055225934
20/06/2014 05:00,0.758333,10.1520398739702,19.8875116642886,90.0083108103514,4.97114469451081,30.0540592892118,0.907111157886449
20/06/2014 06:00,0.758333,10.021039408246,20.0753688114185,89.9973210602507,4.97265048164031,29.9748246179514,0.902259000504396
20/06/2014 07:00,0.758333,9.99570558738706,20.0649857851686,90.2022079851355,4.82778474741425,29.9726001616328,0.902050975074593
20/06/2014 08:00,0.758333,9.8859634208553,20.0794208624539,90.0031856426773,4.83989847959639,30.1468734274643,0.905898342595566
20/06/2014 09:00,0.758333,9.86248636805306,19.8576687311784,89.9663795093557,5.05011259337111,29.7904034775015,0.888249782947077
20/06/2014 10:00,0.758333,9.8997280766813,20.0353085389566,90.0443574901045,4.90799470823121,29.9811140106147,0.897020668942632
20/06/2014 11:00,0.758333,10.0558627422132,20.048613388035,90.035729086752,5.00903163995599,29.9788547838334,0.897187531484705
20/06/2014 12:00,0.758333,9.92476261711277,20.022474754589,90.1268344353027,4.89952337354175,30.0217726907951,0.900512059179217
20/06/2014 13:00,0.758333,9.91415388457621,20.0229689092,89.9146067333227,5.02810777263947,29.9842431411467,0.905393004902749
20/06/2014 14:00,0.758333,9.96067749362865,20.0333970039118,90.1743115941556,4.92480796566213,29.9214695977122,0.888876878849929
20/06/2014 15:00,0.758333,10.1177507272377,19.8873705207222,90.0405412479081,4.96008055514858,29.9506925573732,0.902360872458965
20/06/2014 16:00,0.758333,9.85375254827318,20.0692008325568,89.9514222287819,4.93212563233826,30.0250496529878,0.900923571567519
20/06/2014 17:00,0.758333,10.0058855615446,20.0132350006952,89.9336688559318,5.1520568002071,30.0010224840652,0.906265851864075
20/06/2014 18:00,0.758333,10.0095287189384,20.0332616362853,89.9107939324159,4.96407834889324,29.9136247246023,0.888711182266959
20/06/2014 19:00,0.758333,9.8776422545194,19.9284631463945,89.9450784714132,5.06987234343555,29.992178990046,0.917872510780405
20/06/2014 20:00,0.758333,10.183398538358,20.0126893363561,90.0908137724429,5.09713178376974,29.945781479342,0.88419086452004
20/06/2014 21:00,0.758333,9.85777844090448,19.8896198347928,90.1210800548445,4.99669555400875,29.9550470803257,0.905315419793497
20/06/2014 22:00,0.758333,9.86611215171899,20.121869869314,89.8989308710879,4.99933656249112,29.919903994444,0.917009858309881
20/06/2014 23:00,0.758333,9.97084255033636,20.0484384788856,89.9806249225472,5.05501482470064,29.9514796102926,0.892423665450395
21/06/2014 00:00,0.758333,9.94686335379741,20.0188045869883,90.0060162288286,5.06519493498166,30.0334285340758,0.893713624288225
21/06/2014 01:00,0.758333,10.199590927687,19.9111739177018,89.9960398784817,5.0155002696903,30.1216063448231,0.899514308994554
21/06/2014 02:00,0.758333,9.91884470082704,19.9027451226339,89.9804706162157,5.0140276913949,30.122413770877,0.898702993531813
21/06/2014 03:00,0.758333,10.0184309563617,20.095969830349,90.1512331522976,5.12937451912413,29.7796657424929,0.915473548942827
21/06/2014 04:00,0.758333,9.9785561142259,19.9546997445855,90.0097374417244,4.80511397758769,30.0171328332315,0.897064589637368
21/06/2014 05:00,0.758333,10.118896598596,20.0672510355824,89.9150509651779,4.86930933883492,30.0566894699966,0.899259381254339
21/06/2014 06:00,0.758333,9.8609788648146,19.9211468561006,90.1583215218689,4.96805117998423,30.0324258160906,0.907093979022478
21/06/2014 07:00,0.758333,9.77317384264295,19.8932155031493,89.996005038717,4.84662584664611,30.0283147355092,0.894626413043482
21/06/2014 08:00,0.758333,9.87037823031208,19.9422478961294,89.8632432600193,4.96672203347882,30.0436742825708,0.891778116901028
21/06/2014 09:00,0.758333,10.1297183450214,19.8565075204461,90.096451963332,5.07237426445452,30.0972900817405,0.901365913065287
21/06/2014 10:00,0.758333,9.95971371194889,20.121338697052,89.9754460454135,5.18189344122231,29.8997635559757,0.909704309768453
21/06/2014 11:00,0.758333,9.91602312918757,19.9833204456107,90.0683175431778,4.96232418291366,30.0118831460383,0.900658101116039
21/06/2014 12:00,0.758333,9.84140746839134,20.0064688686656,90.204175610848,5.04302617124019,29.9286382712277,0.894811707546872
21/06/2014 13:00,0.758333,10.0815972853093,19.9783260686908,89.9938902871631,4.8553243515348,29.9334190456169,0.885578205376664
21/06/2014 14:00,0.758333,9.98242503379415,20.0243947203981,90.0384675372182,5.05098673905552,30.2086666257917,0.893347985969382
21/06/2014 15:00,0.758333,10.0724602721482,20.1651576972463,89.9343853249675,4.98720378107673,29.9487495229952,0.897696674599973
21/06/2014 16:00,0.758333,10.0628939754821,19.9221175554402,89.7979548973539,4.88004395545801,29.7781379472699,0.898697425631721
21/06/2014 17:00,0.758333,10.0252645897277,20.0520007849564,89.9734421684221,4.90378019888607,30.1700515161858,0.906117978621008
21/06/2014 18:00,0.758333,10.0466821445515,19.9439247116691,90.1077768486834,4.93030560890395,30.0381538093509,0.904793521797904
21/06/2014 19:00,0.758333,10.052771520098,20.0899759156339,89.9128998461078,4.88787089447353,30.0129136991067,0.890834214485661
21/06/2014 20:00,0.758333,9.87094792603425,20.0214562324678,90.1145416459569,5.13758048218684,29.9242719962409,0.883513328660118
21/06/2014 21:00,0.758333,10.0863497134482,20.0088260608338,90.1364062051191,4.97674026160317,30.013407898465,0.880513591901201
21/06/2014 22:00,0.758333,10.0339925123623,20.0621270732599,90.0763980659993,5.07578540401944,30.0083875459,0.889396999343139
21/06/2014 23:00,0.758333,9.89107650877881,19.9328587321452,90.0318607749888,5.0720128216358,30.0416774890037,0.88767012577603
22/06/2014 00:00,0.758333,10.1757016915346,19.7541306633329,89.8555108744865,4.89986114611825,30.0654090261463,0.904396104711472
22/06/2014 01:00,0.758333,10.1288535915959,19.8667185711072,90.0811669127485,5.08667131668422,30.0424829387335,0.902490807368536
22/06/2014 02:00,0.758333,9.98475942658427,20.0208935483708,90.0571718171484,5.01880132235175,30.2801083006411,0.903572601037087
22/06/2014 03:00,0.758333,9.94891868664283,20.0302044860642,89.9684370813024,5.15852575358239,30.0304723604197,0.896368966253751
22/06/2014 04:00,0.758333,9.91484988372389,19.6850335689817,89.9607147639428,5.00832885994984,29.8422671366078,0.898185980084825
22/06/2014 05:00,0.758333,9.90856995444362,19.9587378607762,89.9533547073841,4.80632817881877,29.9538265659208,0.891491971962027
22/06/2014 06:00,0.758333,9.95088085125029,20.0526394483855,90.064408683388,5.13243353268629,29.9360127838608,0.922343984752134
22/06/2014 07:00,0.758333,9.984673637733,19.9374203715986,89.9999540364769,4.92521661298389,30.0527639113232,0.904296481615956
22/06/2014 08:00,0.758333,10.1991746937502,19.8316404153355,89.9716708542704,5.00939249200027,30.0975316199052,0.898504516590668
22/06/2014 09:00,0.758333,9.95868847341443,19.9724895442309,90.0244690330872,5.0773288666424,30.0218998499669,0.912994464981941
22/06/2014 10:00,0.758333,9.93632210780326,19.9916845611305,89.9364946482279,4.99454202845031,29.8384163669081,0.901010542525006
22/06/2014 11:00,0.758333,10.0156355517882,19.9730206527072,90.1018473950716,4.96872138188753,29.9564529944135,0.895389864133388
22/06/2014 12:00,0.758333,9.97552093905129,19.9867751527094,89.8902397676039,5.00869823910385,30.1502897252865,0.899300322562479
22/06/2014 13:00,0.758333,9.9673854123463,19.8691407084137,89.8244102212251,4.91690897040108,29.7957917596524,0.896591883563508
22/06/2014 14:00,0.758333,10.092599607272,20.0676647599165,89.9038405309066,5.14384599972431,29.9947516090126,0.908440698172721
22/06/2014 15:00,0.758333,10.0394428612267,19.9363864760291,90.0620488335316,5.21035844913225,29.9047142373096,0.90095402414345
22/06/2014 16:00,0.758333,10.0880677349384,20.1233967460416,89.9046036763186,5.05191272319369,29.9154136637798,0.909272200363213
22/06/2014 17:00,0.758333,10.1906762263503,19.9501354153872,90.0033161027661,4.99067148696151,29.9507639637406,0.894697469082206
22/06/2014 18:00,0.758333,9.86064319587817,19.9946043082341,89.93881534531,5.0178018685415,30.2176845286681,0.892519087267161
22/06/2014 19:00,0.758333,9.96757688675865,20.1082886315825,89.9919014317073,5.00534126895997,30.0106539163066,0.896302529388865
22/06/2014 20:00,0.758333,9.85310039444187,19.9701777416784,89.9861782606198,5.06820784966592,30.1018120966071,0.880277480616709
22/06/2014 21:00,0.758333,10.0463674857852,19.9940262252537,89.772608116352,4.99557360045821,29.9275212414369,0.911806985032902
22/06/2014 22:00,0.758333,9.96387222867378,19.9654682273958,89.8948814534394,5.10480177199953,29.9053886193798,0.896059802289687
22/06/2014 23:00,0.758333,9.93008687094151,20.1261025516028,90.006215814205,4.98359232833008,30.2197025983349,0.897573238745097
23/06/2014 00:00,0.758333,10.0202778756066,20.0884620746813,89.9653519839476,4.88882513680332,29.9855196292015,0.902215259039807
23/06/2014 01:00,0.758333,10.0914614554251,20.1956141090293,90.0200997377403,4.95707235169264,29.9770965672304,0.893995746945009
23/06/2014 02:00,0.758333,10.1622774790833,20.0697540065244,89.8558117478687,4.87728992666427,30.0584652510817,0.893662657311119
23/06/2014 03:00,0.758333,10.0491443392709,19.8640703097369,90.1652477188934,4.98149928961347,30.0064651967854,0.904130293923342
23/06/2014 04:00,0.758333,9.90665803320055,19.9570056519389,90.0213865180915,4.96632677872566,30.1313090167498,0.892175358220146
23/06/2014 05:00,0.758333,9.99245443708633,19.8752526086481,90.0024209319417,5.03121894603723,30.1428553943316,0.883722695263359
23/06/2014 06:00,0.758333,10.1923891754606,20.0136149222758,90.0764794264564,5.0910373733018,29.8947815644791,0.891785028486819
23/06/2014 07:00,0.758333,9.97442960757166,20.0461148436087,89.8741394290541,5.05341263106768,29.8890611725655,0.87912101456725
23/06/2014 08:00,0.758333,10.0254707002584,20.1071667818595,90.2316567088075,4.95176280992188,29.8642326452745,0.883172964559985
23/06/2014 09:00,0.758333,9.99253583648157,20.1103928990555,89.952923621629,5.08106526190854,30.0805411166289,0.909442019039791
23/06/2014 10:00,0.758333,10.0863686371901,20.0220173026069,90.002381859532,5.09969772758109,29.9782216290568,0.897826943548568
23/06/2014 11:00,0.758333,9.8231985734859,20.0046966450336,90.0429973697558,4.89257017465172,30.046086773284,0.88874716521232
23/06/2014 12:00,0.758333,9.89542635665068,20.0819056366776,90.0631761301325,4.98628964464129,29.976709705098,0.89988558992349
23/06/2014 13:00,0.758333,9.95125835872112,20.0299269672035,90.242842234916,4.92273330365529,30.0033765902768,0.913497874129454
23/06/2014 14:00,0.758333,9.98913911758057,20.0114966286877,90.0829959743026,5.03162411750907,29.9943990678172,0.919114404153967
23/06/2014 15:00,0.758333,9.94394990301287,19.9740573440545,89.9981624584885,5.08899633307472,30.0437936323385,0.901892901469494
23/06/2014 16:00,0.758333,10.0235167957621,19.8767604742333,90.1367381276622,4.86872169051236,30.1674282840156,0.902643859327841
23/06/2014 17:00,0.758333,10.1082101258308,19.7471954090746,90.1056397119378,4.89014674961874,29.8780092276353,0.904677269653106
23/06/2014 18:00,0.758333,9.9764659439979,19.7764104065835,89.9978707322614,4.91693940678479,30.0301515483355,0.894295255179301
23/06/2014 19:00,0.758333,10.0486921770665,19.9482367428431,89.8491473751406,4.91651265591083,30.0388357959549,0.871557454969662
23/06/2014 20:00,0.758333,10.0723100771988,19.8178628765497,90.0112911697266,5.11551510518169,30.0066561125607,0.897041034395964
23/06/2014 21:00,0.758333,10.0958075625347,19.9238211742426,90.2063117442679,4.99781393361767,30.0565040222919,0.909420507667482
23/06/2014 22:00,0.758333,10.026105606688,20.021035420096,89.8087658933684,5.13276644130431,30.0535057573686,0.897882810561575
23/06/2014 23:00,0.758333,10.0427151870223,19.954918786531,90.1745111103849,4.89132953919664,29.9818831179283,0.898202722070486
24/06/2014 00:00,0.758333,10.2277549424649,19.8497622919416,89.806457690946,4.97842034295084,29.9073296025856,0.919858317325393
24/06/2014 01:00,0.758333,10.0056794572209,20.0268526558131,90.0955380713657,5.02258307410899,30.0506637299023,0.898422587113899
24/06/2014 02:00,0.758333,10.0064422968259,20.0515982670483,89.9122251591463,4.88313167405619,30.132699588093,0.899413924325561
24/06/2014 03:00,0.758333,9.7438837506463,20.0653209898945,89.964718231041,4.87335687912863,29.9967119468216,0.898055972009757
24/06/2014 04:00,0.758333,9.94950389450281,20.0643503865723,90.0251894129521,5.00347671457217,29.9135640427046,0.902817894047945
24/06/2014 05:00,0.758333,9.99655782701248,19.9879919253897,89.9956536432971,4.8590232524174,29.872561382771,0.904507359051685
24/06/2014 06:00,0.758333,9.99939544028019,19.9142066814364,90.0880139347086,4.98681703793473,29.8543291450111,0.900650455857437
24/06/2014 07:00,0.758333,10.013611105058,19.9579712157465,90.0538563007232,4.92593418240261,29.9123030265651,0.926369246095413
24/06/2014 08:00,0.758333,9.86346697390109,20.0435616334087,90.1295016138696,4.95481892000891,29.9534792222902,0.915116439080993
24/06/2014 09:00,0.758333,10.0233252224283,20.0349421002078,89.9119391633866,4.98581735853383,30.0129752496015,0.903234847310723
24/06/2014 10:00,0.758333,9.80936635373623,19.9703490563747,89.9984408968411,5.09734479638418,29.9879227347698,0.899345774630906
24/06/2014 11:00,0.758333,10.1425257401241,20.203467070423,89.9568737837405,4.8785096669628,29.8671879439318,0.89049547066011
24/06/2014 12:00,0.758333,10.0756104223413,19.9682584888132,89.9883690364598,5.10465506569879,29.9175371824069,0.892448957485963
24/06/2014 13:00,0.758333,10.0750146686714,20.0747321885977,90.224024775557,4.84921867786387,29.9491872272252,0.896377092038181
24/06/2014 14:00,0.758333,10.1181667909167,20.1089417739906,90.0778355006709,5.02339085887228,30.0782523013598,0.912879020554417
24/06/2014 15:00,0.758333,9.75650712584986,20.2661471327575,89.9047061655195,5.10160306419982,29.9533692272317,0.895240372719999
24/06/2014 16:00,0.758333,10.0110302775765,20.0346363523956,89.9506839523233,4.94112330619743,29.8762837263179,0.914546241009531
24/06/2014 17:00,0.758333,10.111422330299,20.0123683727972,89.7951664551147,5.05143291368412,29.9935786617063,0.898288367122461
24/06/2014 18:00,0.758333,10.02282791839,20.1765861453454,90.0122802792608,5.04103332496126,30.0748862366459,0.906168800099877
24/06/2014 19:00,0.758333,10.05534898116,20.0979181758173,90.0331848330187,4.94548293522351,29.8993303879993,0.888678741902604
24/06/2014 20:00,0.758333,9.92944645881023,19.9050805451457,89.9318078563783,5.20648078010877,29.8601556368589,0.900652010032673
24/06/2014 21:00,0.758333,10.0417648720472,19.8167209947931,89.9330854031016,5.06185174214295,29.8811252426169,0.909349122704471
24/06/2014 22:00,0.758333,9.96455778941604,20.026255087618,89.9866119440458,4.94018931002873,30.0257060613439,0.918515007023553
24/06/2014 23:00,0.758333,10.0529911444387,19.8438970771937,89.9704153796189,4.95848870713903,29.830840952582,0.889444103839153
25/06/2014 00:00,0.758333,9.9075240172752,19.8730046891436,90.0955718305617,5.11057990210804,29.9980745682739,0.900187188587766
25/06/2014 01:00,0.758333,10.0661483336432,19.965549095378,90.0146999891967,4.98987289583941,29.9052985330373,0.903847189967411
25/06/2014 02:00,0.758333,10.0812687088997,19.9293031765502,90.2341174032635,4.78579255193072,29.9184594123916,0.898510099432522
25/06/2014 03:00,0.758333,10.0686367791269,19.9295703103842,90.0328104799804,5.01108689226849,29.9753517943629,0.89994114425171
25/06/2014 04:00,0.758333,10.0464657871344,20.0912751458001,90.0902367319708,5.06744625601888,29.842772118067,0.907871767208484
25/06/2014 05:00,0.758333,9.91159096787045,20.0800357489231,90.0212991379301,4.95032520061201,30.0705676557618,0.909714564187387
25/06/2014 06:00,0.758333,9.95720214101835,20.0187251334453,89.9933420128871,5.15247549143648,30.0975371277948,0.88715232055495
25/06/2014 07:00,0.758333,9.98093985030065,20.3485114826433,90.0796663935391,4.87424473280299,29.9094924405169,0.901244989341332
25/06/2014 08:00,0.758333,10.0534276716962,20.0430651318655,90.005837194801,4.90779657324512,29.9026930006033,0.900640202288778
25/06/2014 09:00,0.758333,10.0307025549909,19.9125786694712,90.1143636736031,4.85207741609455,29.7836946369492,0.881781315406742
25/06/2014 10:00,0.758333,9.93586878717936,19.9459677553737,90.0149012398288,4.97207795621073,29.990662499381,0.903677530898254
25/06/2014 11:00,0.758333,9.9187098328083,20.0230298312886,90.008096144153,4.84325571421508,29.8811495542184,0.894564258074886
25/06/2014 12:00,0.758333,10.144381357985,20.1075957526646,90.0454022669324,5.12147423887707,30.1195415659279,0.890558171742234
25/06/2014 13:00,0.758333,10.1402679071207,20.0260914141142,90.110189256923,5.02080239889692,29.9728836331451,0.908129494359838
25/06/2014 14:00,0.758333,10.0296309135962,20.0069073749252,90.0026455542331,5.07030323888778,29.8731079937835,0.884939863619819
25/06/2014 15:00,0.758333,10.026906910778,20.1264994527066,89.9418664458097,4.9755988109737,30.0316156331071,0.897311242305126
25/06/2014 16:00,0.758333,9.9285255258998,20.0905451031503,90.0012079157081,5.24349413321651,30.038623337595,0.91134668517399
25/06/2014 17:00,0.758333,10.0002957435991,20.0490460943332,90.0830211212975,4.86480279812447,30.0485602474082,0.921866551527536
25/06/2014 18:00,0.758333,9.95741397116557,19.9370035012986,90.0027937413362,5.08439719300509,30.0714641012018,0.908906925916164
25/06/2014 19:00,0.758333,10.1294451520688,20.1134921186258,89.9736859180029,5.22249167738572,30.0987309445717,0.875178224337882
25/06/2014 20:00,0.758333,9.88279881619625,20.0426127276655,90.0149435935721,4.94756540849125,30.0812589806117,0.905573559307699
25/06/2014 21:00,0.758333,9.97041166592859,19.9376626760997,89.9792078649126,5.05213193305247,30.0370481356747,0.902835708695289
25/06/2014 22:00,0.758333,10.1726692342119,20.0797108488412,89.8029065570852,4.96450744873454,30.005790234872,0.900292213108065
25/06/2014 23:00,0.758333,10.1869967967326,19.9786545782807,90.0156093627007,5.04250211702057,29.8663949929738,0.892315358967813
26/06/2014 00:00,0.758333,10.0129219163751,19.9127400779811,90.0164640487677,5.09393461867839,29.7818011136331,0.919817202497447
26/06/2014 01:00,0.758333,10.1124488055282,19.8367833848589,90.1011019822915,5.00025120902793,30.0492681892787,0.901128157563998
26/06/2014 02:00,0.758333,9.99590541262688,19.9901684257478,90.1249530210175,4.9333705082414,29.9628080024164,0.884197636706355
26/06/2014 03:00,0.758333,10.0870818071976,19.9803593113775,90.2234925829908,4.95068684021374,30.1256071653603,0.905300121538662
26/06/2014 04:00,0.758333,10.1906202472097,19.993997867049,90.0192365857465,5.06011154024616,30.0053588792344,0.892823975120109
26/06/2014 05:00,0.758333,10.0754780280948,20.0064775758914,89.9467368004694,4.98902787623773,29.868319522373,0.902793161408104
26/06/2014 06:00,0.758333,10.2088905173242,19.8967696899701,90.1631160341203,5.06657934712627,29.8507133279479,0.8908482146008
26/06/2014 07:00,0.758333,10.0182576270717,20.1261962473946,90.0013971653852,4.96941267356349,30.0560653765849,0.901267572852488
26/06/2014 08:00,0.758333,10.0304713061504,19.8900577515559,89.9968479434649,4.98337813060049,29.9427049606263,0.89946974098394
26/06/2014 09:00,0.758333,10.0245550055784,19.9799214444426,89.9062081769226,4.88138193750827,29.8777241881751,0.906608858500703
26/06/2014 10:00,0.758333,10.031685398254,20.024398022076,89.9049250193462,4.99186604863345,29.9943938171194,0.916390977853299
26/06/2014 11:00,0.758333,9.97952687091739,19.8719397628655,89.9247055645462,4.77608468057597,30.0047682016866,0.88850097790219
26/06/2014 12:00,0.758333,9.9356983420586,19.8824656581465,89.9985570303582,4.95619472915118,29.9902005653381,0.897596337375677
26/06/2014 13:00,0.758333,10.1546669960117,20.0902230346812,89.7762481030498,5.00567609118219,30.0358505154211,0.898039952361153
26/06/2014 14:00,0.758333,10.0590990909284,20.0222436371529,90.185908730764,5.08285734981029,29.980965282542,0.892177603688306
26/06/2014 15:00,0.758333,9.90085101997601,19.9621034524407,90.0302417849793,5.15222360137488,29.9830951969394,0.908313784702484
26/06/2014 16:00,0.758333,9.891550373844,20.0841681579419,89.8757294159169,4.92068530121138,29.9643411367628,0.900712627964854
26/06/2014 17:00,0.758333,10.0136000183692,20.057197600779,89.9095392904879,4.93304165676212,30.0139598825915,0.90214706221979
26/06/2014 18:00,0.758333,10.0624823400036,19.9352185806575,90.1886566439426,5.00533597543832,29.895240331167,0.901241343583032
26/06/2014 19:00,0.758333,10.0458638589957,20.0715016019951,89.9680859301114,5.09867825056046,29.830142995684,0.907952254856954
26/06/2014 20:00,0.758333,9.94744521990064,20.1462008274224,90.0016298544574,5.07144225130529,29.9858329830215,0.923351476407938
26/06/2014 21:00,0.758333,10.2257255467754,20.0509967095739,89.9637102761752,5.29403232425187,29.9312059734325,0.893913274533061
26/06/2014 22:00,0.758333,9.95579203331432,19.9897041397751,90.1086591560775,5.01255935591048,29.9169783330563,0.906931184300556
26/06/2014 23:00,0.758333,9.96279804908546,20.1502047189992,89.8567834351542,5.00841026701476,29.930480049946,0.907986498151856
27/06/2014 00:00,0.758333,9.95734720124441,19.9817988435245,89.9381233459762,5.11129679501582,29.8855027480008,0.886515702061302
27/06/2014 01:00,0.758333,9.9096461652736,20.0774876586971,90.0579901042199,4.86076151019807,30.063012416989,0.900341334745457
27/06/2014 02:00,0.758333,10.112614379029,20.088226796031,90.0983560871011,4.93559855869151,29.8450633531919,0.913160392948378
27/06/2014 03:00,0.758333,9.99994775575831,19.8791889300232,90.0707316639948,4.91055388880801,30.1018914126525,0.902552573512074
27/06/2014 04:00,0.758333,10.0307201414466,20.1464898964199,89.8549314380955,5.07214680893937,30.1608089381308,0.896251370649366
27/06/2014 05:00,0.758333,9.9246031527307,20.0595984364475,90.0264895534398,5.03212755905799,29.9891753683978,0.902185833727399
27/06/2014 06:00,0.758333,10.1181141326225,20.0616795353193,90.0757932011318,4.93131497267449,30.0014690786677,0.885828331210705
27/06/2014 07:00,0.758333,10.0487863832284,19.7614167864483,90.0323952095229,5.05106367890637,30.1146337953403,0.902143636017467
27/06/2014 08:00,0.758333,10.1432524196638,19.9583388564153,89.737396092851,4.9574606515214,29.9771329638,0.910275417512715
27/06/2014 09:00,0.758333,9.91711640794284,19.8597847114938,90.1151788970051,4.91373926175659,30.152665758314,0.913803717889526
27/06/2014 10:00,0.758333,9.92423739495251,19.9398192805564,90.0380757460251,5.00684920919493,30.0694689621246,0.909482659409505
27/06/2014 11:00,0.758333,10.1175120397162,20.0347429169263,89.8192956594002,4.88341262565225,30.0844534919067,0.891472939351052
27/06/2014 12:00,0.758333,9.94369314442171,20.1233176360473,89.8545041385744,4.87599419888833,29.9461663519066,0.91040353252243
27/06/2014 13:00,0.758333,9.97282532927222,19.9586242094935,89.9703676739385,4.83475921178479,30.0151038365789,0.897435592460015
27/06/2014 14:00,0.758333,10.033910992026,19.9773787574883,89.996241764328,4.88918414157389,29.8887117187649,0.904683268812415
27/06/2014 15:00,0.758333,9.91670674583922,20.1150970707593,89.907647044878,4.97642913184363,30.0072794898488,0.89046942216164
27/06/2014 16:00,0.758333,9.97077651923368,19.9946493648027,90.154517455544,4.99678764212489,30.0220630501869,0.898210177697835
27/06/2014 17:00,0.758333,10.0867837294173,19.9413029566635,89.8730604901691,5.12691408609542,29.9037096598819,0.893004086838371
27/06/2014 18:00,0.758333,9.86394777946933,19.9617473121723,89.8964798256969,4.93057952220049,29.9633183434756,0.895208854585042
27/06/2014 19:00,0.758333,9.8821863684281,19.957695696048,90.0427847838431,4.96325895604864,30.082697326926,0.901789053916709
27/06/2014 20:00,0.758333,9.83990264756263,19.9863925095125,90.1835399661542,4.86682388357073,30.1503809454466,0.89034495053981
27/06/2014 21:00,0.758333,9.99699379092963,19.9767082382991,89.9891786489136,5.05125436656891,29.9959628185264,0.90355549947265
27/06/2014 22:00,0.758333,10.1181827322128,19.9936376200841,90.0482917409937,5.16759733400418,29.9389075439174,0.92217270548801
27/06/2014 23:00,0.758333,9.91592176104744,19.9697513017051,90.0537354923993,5.0537185172507,29.9375451945856,0.902821512099068
28/06/2014 00:00,0.758333,10.0166840611591,19.8915571503789,90.0259514432363,5.14130598677386,29.8115439249033,0.89868973305766
28/06/2014 01:00,0.758333,10.0008050160449,19.9197360721434,89.9873190829032,4.9259498823093,30.0531178167604,0.898782163968115
28/06/2014 02:00,0.758333,10.022619892626,20.1313693159153,89.9736102964448,5.00239328295623,30.0391990675091,0.887514576881508
28/06/2014 03:00,0.758333,10.0164579583775,20.1314284045374,90.074895675245,4.92984181194138,30.1355020319309,0.915765343270014
28/06/2014 04:00,0.758333,9.99736528222581,20.2334937175919,89.8181532755827,5.01400606716154,30.0430470774977,0.911559556902227
28/06/2014 05:00,0.758333,10.0425180416026,20.0558811030773,90.0083777758395,4.95207678553787,29.9532502923153,0.888136571460403
28/06/2014 06:00,0.758333,10.0329764990959,19.9279175821814,89.8948596438051,4.93961676103684,30.1059853790236,0.898002567264778
28/06/2014 07:00,0.758333,10.0457599681484,19.9601016958431,89.995351496768,4.87893497978389,30.0512960040947,0.891707453827079
28/06/2014 08:00,0.758333,9.97532179177664,19.7801382370975,89.9165236404777,4.96192196730312,30.0670372898488,0.892237384517422
28/06/2014 09:00,0.758333,10.0262479483965,19.9374479724372,89.9748135477467,5.01189624529064,30.0233400059853,0.900474210991009
28/06/2014 10:00,0.758333,9.89615557177984,20.1158059359858,89.9040996253956,4.94709872571844,30.0315285054565,0.890333496470884
28/06/2014 11:00,0.758333,9.91175810993499,20.1690442975054,90.0033240823944,4.92186764678845,29.895309654007,0.886156035711062
28/06/2014 12:00,0.758333,10.0767505310133,19.9644059304554,89.9208383984455,4.9895098418141,29.9069611722196,0.911515772237301
28/06/2014 13:00,0.758333,10.0032066883174,20.0082353284571,89.979164547741,5.08389336247841,29.9164187073108,0.913657596947247
28/06/2014 14:00,0.758333,9.93158955354706,20.0738843462881,89.9583464222065,4.92563466322206,29.9149379410716,0.9038290722744
28/06/2014 15:00,0.758333,9.97147930845482,20.081453179256,89.9393880819013,4.95490034289835,29.9315218330937,0.89649267401332
28/06/2014 16:00,0.758333,10.0375059122585,20.1479949699209,89.9958232412221,4.94304211891216,30.0850510558903,0.89298223472989
28/06/2014 17:00,0.758333,9.92465399564188,19.9850158542357,90.0698677827081,5.16159353699404,29.9667858413185,0.89003176575778
28/06/2014 18:00,0.758333,10.1027472938039,20.048951731868,90.0130337544095,5.18292180802533,30.0537624311961,0.898800885562391
28/06/2014 19:00,0.758333,10.0905747613322,20.0721496828656,89.8083325631445,5.10393069165283,30.2839705707081,0.90700028237486
28/06/2014 20:00,0.758333,10.0683852312265,19.9072286631998,90.0046661609973,4.86873631246367,30.0210478820251,0.909398527579824
28/06/2014 21:00,0.758333,10.1358635639162,20.1115920799328,90.0146801487847,5.15064617793744,30.1625563424672,0.899863506751393
28/06/2014 22:00,0.758333,10.012018695444,19.9541953457864,90.0600186920536,4.96991840708105,29.9427042304145,0.902471284477802
28/06/2014 23:00,0.758333,10.0944231416877,20.0536213000099,89.9482767575898,5.21693392482697,30.0290592726533,0.900277108034306
29/06/2014 00:00,0.758333,9.93644424751984,19.8044923377992,89.9711980527015,4.97007428787558,29.9850458885668,0.892302555827348
29/06/2014 01:00,0.758333,9.97688870386376,20.2386221961022,89.9493770485139,4.84042250087996,29.870543961293,0.921210693756917
29/06/2014 02:00,0.758333,9.95465698175951,19.9533414090856,89.9247756632281,4.79871384603528,29.9846332242431,0.922240442919457
29/06/2014 03:00,0.758333,9.87855304954944,20.014699529251,90.1422064670939,5.02881969249805,30.044556388054,0.898505858582534
29/06/2014 04:00,0.758333,10.0836466404302,19.9168600678933,89.9165209709417,4.97266592718262,29.9493199884557,0.90160244110357
29/06/2014 05:00,0.758333,9.81882634791083,19.9423086009269,90.019274479369,5.00065611689084,29.9525285893188,0.886611105484927
29/06/2014 06:00,0.758333,10.2149065104951,19.9392029075988,90.0769594399703,5.09552054390137,30.0457941346509,0.897704930120335
29/06/2014 07:00,0.758333,10.0834708795282,20.0905220031265,90.1703500370003,4.94689252038569,30.0104219865119,0.901890197411954
29/06/2014 08:00,0.758333,9.91232852990743,20.0964341994236,89.9364815293165,5.13609711493108,30.2018749271415,0.888646024482628
29/06/2014 09:00,0.758333,9.93391666729587,19.8530850133641,90.0421543094781,4.99783409551662,30.0065864935687,0.8861838880828
29/06/2014 10:00,0.758333,10.0368343728482,19.9850071029472,89.9184320301086,5.02691717896043,29.9434248292824,0.899376991308113
29/06/2014 11:00,0.758333,9.96184332461437,19.9079816145557,89.9205437623961,5.08682427058177,29.9914694681346,0.897890843137498
29/06/2014 12:00,0.758333,10.1164621680459,20.1101386840854,90.1806253737466,4.8861031836672,29.9023968777761,0.925169727309475
29/06/2014 13:00,0.758333,9.98350997749714,20.0874007544486,89.8661368617883,5.13506649463732,30.141783111536,0.901652139253264
29/06/2014 14:00,0.758333,10.0305671407944,19.9385272312797,90.0340676785847,5.05238328027236,29.9721411176082,0.900503947183045
29/06/2014 15:00,0.758333,9.90268418610798,20.1700370083873,90.158913032981,4.9199350124799,29.933237065061,0.888787073306673
29/06/2014 16:00,0.758333,9.920021849993,19.9768992810402,89.9708888066941,4.91044263920783,29.9684955441777,0.886578508735303
29/06/2014 17:00,0.758333,9.8895740456116,20.1522356456274,89.8139313226509,5.03838480970633,29.9286785405991,0.88754669425557
29/06/2014 18:00,0.758333,9.97465295513118,20.0048303889698,89.906768682069,4.97892839937608,30.1287972201298,0.893186994311113
29/06/2014 19:00,0.758333,9.96812907075187,20.1451464786611,90.0853356248888,4.96365144321626,30.0899077005843,0.907651380248084
29/06/2014 20:00,0.758333,9.79090525519289,20.0327897530922,90.1102247873672,4.85247982019728,29.9837370081753,0.91574723742261
29/06/2014 21:00,0.758333,10.2568413887432,20.0322946727404,89.9693316999726,5.18829617386752,30.0288273656034,0.897017350790639
29/06/2014 22:00,0.758333,9.98736729309816,19.9372739172362,90.1732972982171,5.01961042874496,29.8215535114794,0.907514509712075
29/06/2014 23:00,0.758333,9.89385437657419,19.8807304913027,90.0799770702372,5.08650048016822,30.1006047434738,0.895670394445164
30/06/2014 00:00,0.758333,10.0565430489045,19.9323643430036,89.9716442860041,5.20583233612481,30.0525199581899,0.898449707446323
30/06/2014 01:00,0.758333,9.92707831130713,20.0312324538734,89.8441333095681,5.1047257838881,29.9765858718428,0.903652691543661
30/06/2014 02:00,0.758333,10.1937923727253,20.0487140418032,90.0076167177651,5.11543578881648,30.0481224886546,0.904022771669597
30/06/2014 03:00,0.758333,9.9101110864633,19.8749825199246,90.0285547934628,5.08210626166268,30.0814308325178,0.905244490360772
30/06/2014 04:00,0.758333,10.072528749798,20.1439374422531,89.7932194265759,5.02530250540473,29.989164033393,0.918779294538884
30/06/2014 05:00,0.758333,10.0420169367902,19.9912954424472,90.1249973990006,4.99163134047306,30.0299552345432,0.909771760586117
30/06/2014 06:00,0.758333,9.97213757693856,20.1301383649197,90.061887901234,5.01938404573709,30.0169557188494,0.908829525671144
30/06/2014 07:00,0.758333,9.85163777878547,20.0842925084328,90.0992909379776,5.07589316759005,29.8551403930149,0.910488561641909
30/06/2014 08:00,0.758333,9.85879405042529,20.0404449090529,89.9538979042067,5.10177330993391,29.7904509883786,0.904730751052177
30/06/2014 09:00,0.758333,10.1392328565488,19.7822158202007,90.036440447724,4.91919163269208,29.9877682100078,0.907883087340866
30/06/2014 10:00,0.758333,10.1028358163188,20.0797826781479,89.9441601930104,5.21504269150391,30.0789797563691,0.911507136089101
30/06/2014 11:00,0.758333,10.1210101101275,19.9013112859583,89.9769084267761,5.19922913171166,29.9663984590198,0.890432710950169
30/06/2014 12:00,0.758333,10.123877449774,20.0595976369755,90.1461045219054,4.83446710901781,29.8851925811138,0.89539545346535
30/06/2014 13:00,0.758333,9.90067266117445,20.1391062097144,89.9368019677361,5.00954346667256,30.0392344607029,0.891511341882078
30/06/2014 14:00,0.758333,10.0139762305225,19.8757518689959,89.7915657406945,4.85807827765454,30.2205549640414,0.914173935508899
30/06/2014 15:00,0.758333,9.96476998318472,19.9282902916279,90.1148726334627,5.05937988905532,30.1428697768122,0.901136513888471
30/06/2014 16:00,0.758333,10.0889532899967,19.9150787006143,89.8234138038566,5.02711352306869,30.0567877775115,0.89939633620836
30/06/2014 17:00,0.758333,10.0226579459109,19.9185360958762,89.9739879730054,5.0443723821233,30.1140364263735,0.90130169764932
30/06/2014 18:00,0.758333,10.2056964751169,19.8450040830266,89.943489524058,4.9995666258883,30.1092441191207,0.921351382606792
30/06/2014 19:00,0.758333,9.98466613782099,19.9861712767008,89.8617611364261,5.0855673050008,29.6881493066684,0.895946752843528
30/06/2014 20:00,0.758333,10.0858782389419,19.9467273973402,89.9143937616438,5.03922104401084,29.9143371799591,0.903237428706831
30/06/2014 21:00,0.758333,10.0487741071136,19.9246147170738,89.9362154627756,5.02833632048649,30.1897372301457,0.895281051285968
30/06/2014 22:00,0.758333,9.83919807945711,19.9439153022,90.1018266476782,4.93882374046291,30.2023467981455,0.898431562305239
30/06/2014 23:00,0.758333,10.009794792489,20.0281218671219,90.0045899778918,4.92188056805566,30.1234822734213,0.905363688841439
01/07/2014 00:00,0.758333,9.9625870117989,20.0803230685829,89.8699142138698,5.10022613965439,30.1229498422704,0.909187014359273
01/07/2014 01:00,0.758333,10.1467831959778,20.0094865627723,90.1217353449975,5.01268922843714,30.0165637854139,0.897027384527857
01/07/2014 02:00,0.758333,9.88008764866921,20.0737236707305,90.0237913745444,5.02354030346771,30.0824066195341,0.910129872580135
01/07/2014 03:00,0.758333,10.0433420872818,19.9113274403698,90.1403448752599,4.89979210388608,30.0885035170563,0.908153046461027
01/07/2014 04:00,0.758333,10.0312322909231,20.0038431893833,90.0164160527138,4.91295820034995,29.9885959627754,0.900936964026132
01/07/2014 05:00,0.758333,10.1828380915313,20.0727495305175,90.059885634608,4.98008131906985,29.9793915613325,0.910367759074304
01/07/2014 06:00,0.758333,10.0539978297613,19.9688334393292,90.0382651990677,4.94747566005633,30.0439526272779,0.907626388390587
01/07/2014 07:00,0.758333,10.1365081607771,19.9963791144622,90.0929314084035,4.88242023618275,29.9131641682641,0.892955738005556
01/07/2014 08:00,0.758333,9.93267656994706,19.981960821066,89.9769573739563,5.1296265469617,30.0677902169909,0.897304810631287
01/07/2014 09:00,0.758333,9.9355320950845,20.0617713223127,89.881503884352,5.07269158389782,30.0359652586368,0.905937086719326
01/07/2014 10:00,0.758333,9.75676257100091,20.030762548136,90.1420354752427,4.95303677749424,30.2765987830751,0.917652672261613
01/07/2014 11:00,0.758333,10.1073712033786,20.0663803121353,89.9855405036443,5.12311821730878,29.9529423177177,0.905689904759423
01/07/2014 12:00,0.758333,10.0882237514544,20.0643096122584,90.0534709624232,4.99901418984633,30.1215164159613,0.892775788937809
01/07/2014 13:00,0.758333,9.84487375268746,19.9706139390523,90.0712523329274,4.83631041295559,30.0412986045433,0.895192288921263
01/07/2014 14:00,0.758333,10.0481708103603,20.0021106286793,89.8715875805158,5.20032819580763,30.0807606729075,0.908994392335654
01/07/2014 15:00,0.758333,10.0476370467604,19.7900974810965,89.9722570450066,5.00310851117297,30.0140579407228,0.894596481082589
01/07/2014 16:00,0.758333,9.98031165768095,19.911871361404,89.7807775372813,5.22642978872702,29.8468613385624,0.888321303253278
01/07/2014 17:00,0.758333,10.1120780420124,19.867760860395,90.0262565426737,4.9346944505369,30.0321708187759,0.894038947658963
01/07/2014 18:00,0.758333,10.0767051120482,20.2217040772142,90.0122726288834,4.98379991960259,29.9652922320081,0.902750085296052
01/07/2014 19:00,0.758333,10.0783861485168,19.9783882283811,90.183395597125,5.08676535727313,30.0404903022114,0.898382473269428
01/07/2014 20:00,0.758333,9.84814470375697,19.8699297037255,90.0037151855311,5.14413021568732,29.763674382828,0.905489671674199
01/07/2014 21:00,0.758333,9.95397907132401,19.8793785125267,89.9622965742957,4.97587452071794,29.9971169278037,0.901681177345626
01/07/2014 22:00,0.758333,9.89687569793664,19.81089012957,89.7063381062148,4.95663651067604,30.1130929615282,0.902225616924502
01/07/2014 23:00,0.758333,9.81586833757237,19.8869205682004,89.9558397129185,5.0021392727944,30.0165281216711,0.893541440537271
02/07/2014 00:00,0.758333,9.97623198313122,19.9624824716034,89.9296878534578,5.03291948609395,30.0747244898735,0.906933098498241
02/07/2014 01:00,0.758333,10.0563772970476,19.9568552763166,90.1816425663485,5.09784958218504,29.8870539490579,0.907986554657942
02/07/2014 02:00,0.758333,10.0966299383474,19.8348744601251,89.9069569414252,4.89228461151437,29.828393934301,0.917290475819897
02/07/2014 03:00,0.758333,10.0441810892379,20.0538802693898,90.0686472639708,5.11114021530279,30.0495434481389,0.891536294149996
02/07/2014 04:00,0.758333,10.0904450030244,19.9285180098527,89.9568025495501,4.95985880032847,29.8079363258954,0.910411749711622
02/07/2014 05:00,0.758333,10.138193561236,20.0122634427864,89.8890120141298,4.823907887218,29.93987001219,0.884830451183868
02/07/2014 06:00,0.758333,10.0993805903503,20.1878915625035,90.0893257904252,5.03920734145511,29.9649082410615,0.909151616134777
02/07/2014 07:00,0.758333,10.1156447620458,19.9836491463195,90.1827894046117,4.78110607981387,30.0367298346763,0.910253904905965
02/07/2014 08:00,0.758333,10.1261631604481,19.9069037857671,90.0635659368554,5.08430143097157,29.9800829941057,0.886404698877513
02/07/2014 09:00,0.758333,9.87750980342743,19.9402082491254,89.9707615544921,5.03656763277862,29.8597839200855,0.898523762184403
02/07/2014 10:00,0.758333,10.0886488059102,19.9197818821645,90.1523169675701,5.22383432871976,30.0109759696082,0.907509311953422
02/07/2014 11:00,0.758333,10.0571756171486,20.1474141927722,90.0781740039334,5.06031002008802,30.1730230863331,0.91875860706288
02/07/2014 12:00,0.758333,10.036996610946,20.0945627806826,89.8378948431832,5.01534908976761,30.1373331730934,0.904116657192892
02/07/2014 13:00,0.758333,9.95052109165148,19.9039606615016,89.8865473443228,4.99116083932728,30.049240458034,0.906284014937424
02/07/2014 14:00,0.758333,9.95338581386416,19.993882440324,89.8064337319555,5.01214546737372,29.844832687132,0.913918352881383
02/07/2014 15:00,0.758333,9.98988241987012,19.92058227535,90.0977599836113,5.01104100913877,29.8649497033923,0.887212346759551
02/07/2014 16:00,0.758333,10.0317329641283,19.9358016164208,90.0228067207783,4.93496857806629,30.0680525408371,0.911801136223701
02/07/2014 17:00,0.758333,10.1251161172805,19.9933090461587,90.0487660673841,4.99315176411857,29.997352681846,0.869521386233106
02/07/2014 18:00,0.758333,10.0509981827304,20.0856528074394,89.8327326747563,4.95995564647436,29.9500242244281,0.890714052979677
02/07/2014 19:00,0.758333,10.0808895621519,19.9314128448906,90.1361341381512,5.05674645698046,30.0992624004258,0.89307519324566
02/07/2014 20:00,0.758333,9.93597731747727,19.9444968630857,89.9485298628076,5.11050205320099,29.9809531758778,0.912248875106223
02/07/2014 21:00,0.758333,9.93020220915975,19.9988607825658,90.0512335614591,5.17164652173207,29.9408538855727,0.891307563386352
02/07/2014 22:00,0.758333,10.0955874384266,20.0250489022226,90.1637060753274,5.12953927571964,30.0451779030655,0.903368415091459
02/07/2014 23:00,0.758333,10.0349972317557,19.9432188374332,89.9729062269012,4.77420315117598,30.2381893281929,0.907938628789659
03/07/2014 00:00,0.758333,9.9270985799183,19.9136689553262,89.9074809116655,4.91977802409505,30.1685026308868,0.874247739350537
03/07/2014 01:00,0.758333,10.0454314693828,20.1039712789916,89.9212165171897,5.2384031437289,30.0440794744806,0.907282107660965
03/07/2014 02:00,0.758333,9.97963513297913,20.1042790068293,90.0351788709964,5.03061849312544,29.9639450115833,0.8918192550688
03/07/2014 03:00,0.758333,10.0351278363448,20.0283622732428,89.9832200189922,5.02379839876782,29.9058291151065,0.888189225254369
03/07/2014 04:00,0.758333,10.008194226466,19.927856889387,89.9987492968958,5.07045783556951,30.0453374536431,0.893517754410227
03/07/2014 05:00,0.758333,9.94938859393802,19.8978351009847,89.9038888653258,4.94180640661854,29.807754037737,0.898189671259927
03/07/2014 06:00,0.758333,9.96729754522711,19.8965753632662,89.9240809421712,4.96106913553542,29.8585393073888,0.906362830502371
03/07/2014 07:00,0.758333,9.92245994085511,20.1420957680856,90.0468702684516,4.9939080803408,29.9423822975661,0.90719971350669
03/07/2014 08:00,0.758333,9.97561852998597,20.1210933137395,90.0122669840992,4.99143953043596,30.0659071843345,0.903438806344985
03/07/2014 09:00,0.758333,10.2196090407362,19.8832872679364,89.9852305226635,5.06879273556921,30.0980188397972,0.90828948965694
03/07/2014 10:00,0.758333,10.0043580024604,20.0540201937134,89.908049795625,5.05414579969391,30.0286349705283,0.908011732292165
03/07/2014 11:00,0.758333,10.0059965636275,19.9597402435561,90.0090603237429,5.09266836326549,29.9546994112643,0.891091424532138
03/07/2014 12:00,0.758333,10.0305233613806,20.0538627964562,89.9104475497333,5.22295023250274,29.9804928417431,0.91401333566792
03/07/2014 13:00,0.758333,10.1754234289703,19.9393856076114,89.9372383084005,5.06050660303055,29.87848128946,0.905328178358461
03/07/2014 14:00,0.758333,9.84783420380843,20.243853597551,90.0006769352942,5.07541141761707,29.9124470617175,0.89626986398204
03/07/2014 15:00,0.758333,10.0672223228607,20.1374455213333,89.7995155005446,4.78224211010651,29.9239276446109,0.920516701165394
03/07/2014 16:00,0.758333,9.84968062112558,20.1436845292871,90.0287015882645,5.00461234918504,30.0665049458697,0.892467617004021
03/07/2014 17:00,0.758333,10.0837041661523,20.13314202096,90.0808925380852,4.82652607830101,30.0434347727375,0.913906545004963
03/07/2014 18:00,0.758333,9.96824256332263,20.0398293886802,90.0300658281685,5.20957241285747,29.971056150942,0.89618240499886
03/07/2014 19:00,0.758333,9.89316379158923,19.7805045078918,90.0494344545437,5.09274015169426,29.8749562413948,0.897400913170505
03/07/2014 20:00,0.758333,10.0219069336694,20.1273919197279,90.0900414975441,4.94635082905314,29.9827881850407,0.900389133775579
03/07/2014 21:00,0.758333,9.86269517475107,20.0119486787988,89.9994966995815,4.89826286357276,30.1312294621705,0.89583648497706
03/07/2014 22:00,0.758333,10.2262263089661,20.2212561074393,90.0657724534483,5.15247538632769,30.1356885345265,0.901511843071457
03/07/2014 23:00,0.758333,9.9644136338695,19.8926711659348,90.028467739596,4.94488592212134,29.9621655876773,0.890609254860888
04/07/2014 00:00,0.758333,10.097027482479,19.9986415724918,89.8925746343034,4.90524920223164,30.1690686818466,0.896670977722055
04/07/2014 01:00,0.758333,10.0390249923198,20.0764132386502,89.9957139228898,5.07394376621911,30.2000628090901,0.896494564392731
04/07/2014 02:00,0.758333,10.2097942820585,19.8207252362514,90.0205708262133,4.92715290036052,30.0558268793874,0.901741287966298
04/07/2014 03:00,0.758333,9.99897877776007,19.8492880542508,89.8529009896652,5.09661837718387,29.9337344457667,0.883975353656852
04/07/2014 04:00,0.758333,9.94416568555294,19.9633598128946,89.8851387091633,4.85497676819144,30.2071251731082,0.897414197613076
04/07/2014 05:00,0.758333,9.88840209472433,19.704365058281,90.0591401449158,5.11998218987042,30.1340562235798,0.909621313111486
04/07/2014 06:00,0.758333,10.094564267715,20.101926756617,89.9511319892453,5.1280592644066,29.96683327836,0.902037560836932
04/07/2014 07:00,0.758333,9.97140045066635,20.1072727399095,89.8567294768619,4.96514868132867,29.8601676138302,0.913077292025758
04/07/2014 08:00,0.758333,9.93989462436377,19.8942934079188,89.9242380007155,4.7932784825266,29.9551974738114,0.903965898401169
04/07/2014 09:00,0.758333,10.0144257790353,20.0198353260156,89.8563445827753,5.06988217027331,30.1120295526358,0.881930572612701
04/07/2014 10:00,0.758333,9.77614282728059,19.9102280789286,90.0762715204191,4.95381283964293,29.8981341119088,0.889546759679957
04/07/2014 11:00,0.758333,9.93655968877552,19.9029660570965,90.1612749185201,4.96975966154146,29.8989778916424,0.899332278097437
04/07/2014 12:00,0.758333,10.131573287168,19.8945177968325,89.9763889417994,5.17518451625645,29.9940120395696,0.920943014013801
04/07/2014 13:00,0.758333,10.1243408375757,19.9915996298728,89.8806538000325,5.061470906593,29.8355601709649,0.885869768969157
04/07/2014 14:00,0.758333,10.0267511080867,20.0878116382293,89.9119498861763,5.03436147124365,29.9593200379993,0.911521599209034
04/07/2014 15:00,0.758333,9.92065807670578,20.0314550100651,90.0662641168777,4.78117737912425,30.1879018278132,0.89128367580186
04/07/2014 16:00,0.758333,9.91240845042462,20.0683625953536,90.1024289409299,4.95813311609955,29.8268925482634,0.897885481158999
04/07/2014 17:00,0.758333,10.0413410243777,19.9944590999845,90.1961156251864,5.08755279551327,30.0149223361121,0.892857734922378
04/07/2014 18:00,0.758333,9.8817042882959,19.9030831178131,90.0570937800854,5.01337744473264,29.9175675074805,0.894259005969973
04/07/2014 19:00,0.758333,9.93593469022671,19.9786517227826,90.0232144781222,4.89769918340151,29.9832675901671,0.909633956473073
04/07/2014 20:00,0.758333,10.1762154711225,19.9920813552663,89.9940005597074,4.99270991960435,29.9816626714551,0.902985023844185
04/07/2014 21:00,0.758333,9.87169279619219,20.0393728330723,90.0843659260908,5.02959307608066,30.1209509580006,0.898795750030222
04/07/2014 22:00,0.758333,10.1900822945249,19.9708195542647,89.7744416107267,4.90745052776738,29.853391735066,0.930240612016886
04/07/2014 23:00,0.758333,10.2413427313031,19.9868853657689,89.9770397417024,4.99773579654724,29.8521433688621,0.902626479704283
05/07/2014 00:00,0.758333,10.098370183873,20.060636397392,90.1002616407244,5.1212807248713,30.0842512656941,0.896674673453845
05/07/2014 01:00,0.758333,9.86028393917124,20.1933205347113,89.7804913941314,5.13484760329053,30.0379679547251,0.903911640840178
05/07/2014 02:00,0.758333,10.0162285157875,20.0493162212314,89.8186051583232,4.96781765997314,30.0532585291711,0.899437701608022
05/07/2014 03:00,0.758333,10.0982156061916,19.975171169888,90.0103313574755,4.95956050739623,29.8314414813324,0.898307011730504
05/07/2014 04:00,0.758333,10.0584282364776,19.8856390347668,89.922941794628,4.96530876519686,29.8418549938028,0.888953389299154
05/07/2014 05:00,0.758333,10.0447579141772,19.9114805018538,90.0521543697013,5.12698481563347,30.1700270896503,0.914386702062707
05/07/2014 06:00,0.758333,10.0258548144388,20.0749300513192,89.963286311226,5.09602137364268,29.9685367403308,0.896351192068835
05/07/2014 07:00,0.758333,9.97904410693102,19.9583303424916,89.9035235172767,4.84715443417361,30.0450689513294,0.887421260884313
05/07/2014 08:00,0.758333,10.0143551295933,20.1648226731009,89.7510543259,5.10009032160699,29.9437403922662,0.897354089194684
05/07/2014 09:00,0.758333,9.83480305628475,19.9921938223608,90.0787523813626,4.92806778034714,29.9799930336154,0.910579150696216
05/07/2014 10:00,0.758333,10.0318501185005,20.0380778191727,89.95813980086,5.07777334867038,29.9276980070064,0.890088261073786
05/07/2014 11:00,0.758333,9.89836677369335,20.0610281621112,89.9078185916727,5.15337807356793,29.918191740734,0.893499669010817
05/07/2014 12:00,0.758333,9.87406144118883,19.8794167807444,90.0086644545414,4.9784454947659,30.0363192481921,0.901232643954995
05/07/2014 13:00,0.758333,10.0070557819061,20.0071084345514,90.0697288570005,5.07145297898826,29.9992953649305,0.890413627953915
05/07/2014 14:00,0.758333,9.88563753594002,19.9160536368176,89.9468605365451,5.02591827673871,30.0130739641225,0.890622718988872
05/07/2014 15:00,0.758333,10.1232032629737,20.0267657497876,89.8630574938188,5.08730191464844,30.1424177871391,0.88982224458167
05/07/2014 16:00,0.758333,9.84310989832892,19.9412423817335,89.9556916868372,4.94021688353078,29.8696405902372,0.901810476406457
05/07/2014 17:00,0.758333,9.95148390442934,19.9933348011863,89.9966386788864,5.00207908081828,30.1865716192725,0.89042847543763
05/07/2014 18:00,0.758333,9.94918625866417,20.0440814354537,89.9119302241096,4.87984418107893,29.9218843542462,0.884856984649273
05/07/2014 19:00,0.758333,10.1160978793715,20.0211701647038,90.0202232927309,4.96386188101578,29.9557700196912,0.909571626041899
05/07/2014 20:00,0.758333,10.0842168772789,19.8797973940777,90.1629918813399,4.93016391157693,29.9405387560934,0.9010832583547
05/07/2014 21:00,0.758333,9.94454645863256,20.086371244262,90.0442016490115,4.8418421588759,30.0315173925292,0.909843439821082
05/07/2014 22:00,0.758333,10.2107522864401,20.080423170844,90.2549843081107,4.99471170028858,30.1061781943471,0.887859639715631
05/07/2014 23:00,0.758333,10.0491092506832,19.9659658111578,90.0325022705812,4.97252285460381,30.1040752469499,0.905544758469007
06/07/2014 00:00,0.758333,9.80569623860931,20.2171842994567,89.8753153345399,4.91857466144026,29.8188228361412,0.912013655754459
06/07/2014 01:00,0.758333,9.96180847422332,20.1424908559337,90.0639150837083,5.01852512970711,30.0709663929591,0.908776737621171
06/07/2014 02:00,0.758333,10.0062308036213,20.0394414779658,89.9044815291051,5.12404794222282,29.9309734698281,0.906852489949949
06/07/2014 03:00,0.758333,9.99432741589942,19.9988886130812,90.0863676004391,5.03167692881243,29.8601906956086,0.905054969776452
06/07/2014 04:00,0.758333,10.1164635682405,19.9994410991099,89.9111991611909,4.89537564571051,30.0515810206536,0.897327973255355
06/07/2014 05:00,0.758333,9.9860918279403,19.8451111951308,90.141464000823,4.95368050506037,29.8858727620474,0.909276172089581
06/07/2014 06:00,0.758333,10.196107976637,20.0319036411937,89.9632616748807,5.16584607508372,29.8912414049917,0.886538724882592
06/07/2014 07:00,0.758333,10.0557552146398,20.0221526189491,89.8168001151988,5.04476634246104,30.0436633042623,0.900996556141915
06/07/2014 08:00,0.758333,9.77070687014588,20.1162602349049,90.0059200017819,4.79194468744797,29.8832011817143,0.881521447571367
06/07/2014 09:00,0.758333,10.1456942762493,20.0867415542468,89.8817188353566,5.05962873268989,29.9698018230372,0.916884221210758
06/07/2014 10:00,0.758333,9.93486287073933,20.1074199491898,90.0145750789494,5.066605321189,30.0010143527758,0.897875380267348
06/07/2014 11:00,0.758333,10.042047796901,19.8936038845627,90.0347571797728,5.02379377158473,30.112889160011,0.902876276505969
06/07/2014 12:00,0.758333,9.93636061871057,20.0735928080699,89.950838007732,5.11390338771585,29.9970127910019,0.891149189959252
06/07/2014 13:00,0.758333,10.1099225590722,20.0797101451043,90.0320037362187,5.07264954249019,30.0069852660833,0.912193044002122
06/07/2014 14:00,0.758333,10.0021517155657,20.0332588183265,89.9304553657973,4.96002389866173,30.0447105024756,0.884616288187682
06/07/2014 15:00,0.758333,10.1746017331831,20.0629044130481,90.1247950576157,4.96582700893831,30.0100208325187,0.892395886691797
06/07/2014 16:00,0.758333,10.1268365710303,19.8890498364819,89.8149134629723,5.02789015746063,30.0477297673962,0.884563685304394
06/07/2014 17:00,0.758333,10.0632414830552,20.0450670473765,90.1518414092683,4.97839577932243,30.0103976899826,0.912486621786107
06/07/2014 18:00,0.758333,9.9802452290448,20.1015916720543,89.8433101854001,4.89550925425006,29.9699735447794,0.896079507701509
06/07/2014 19:00,0.758333,10.0594523610394,19.9625818163346,89.9490182572868,4.95244040294449,29.9961864562606,0.903352425732863
06/07/2014 20:00,0.758333,9.76940880941047,19.9658124856499,90.00096055851,4.86013028359973,29.891083695722,0.929226573346628
06/07/2014 21:00,0.758333,10.024178412864,20.0349939616117,90.0743387897405,5.15652215737189,30.0611758192569,0.890974473204781
06/07/2014 22:00,0.758333,10.2325705103931,20.0724558723274,90.1369412964901,5.09379899267057,29.9360233630956,0.897830663026509
06/07/2014 23:00,0.758333,9.98937253615634,19.8216024983323,89.9081437994741,4.92525730456266,29.9140342154397,0.888570153262647
07/07/2014 00:00,0.758333,9.95000972367371,19.9487147069942,90.0298835884495,4.9942425495891,30.0096425819557,0.902919963182496
07/07/2014 01:00,0.758333,10.0655534225926,19.88087001622,89.9727787035065,4.89237043892186,29.8211345910642,0.878049026480785
07/07/2014 02:00,0.758333,10.152177248657,19.8929201090437,90.0321962379454,5.15902400543029,30.1364437129909,0.900923930557
07/07/2014 03:00,0.758333,9.9967554941257,19.9605261062693,90.013029440484,4.90936076858281,29.9977415209992,0.901514703359697
07/07/2014 04:00,0.758333,9.93591570326776,19.9685360150161,90.1180227301844,5.01726326520139,29.9389205168491,0.907550866280077
07/07/2014 05:00,0.758333,10.0498975373969,20.1136548489442,90.0446025341454,5.03949880970681,29.996686127878,0.900694478227197
07/07/2014 06:00,0.758333,9.78702600754611,20.0370671066813,89.9977601385306,5.07623562154257,29.9559786822656,0.899458190873606
07/07/2014 07:00,0.758333,9.80322571582477,20.1085524847594,89.9982367243098,4.92347497904045,29.8550195201299,0.885761240954772
07/07/2014 08:00,0.758333,9.87507628768675,20.0841640448915,90.0014136479218,5.06865174997482,29.9757740214216,0.886363702459755
07/07/2014 09:00,0.758333,10.1273528324453,20.0574311462513,90.1796317636032,4.9313851297119,30.0702365785935,0.904504435887335
07/07/2014 10:00,0.758333,10.0222523785601,20.1296863716981,90.0515710690386,5.15557566676233,30.1784589615971,0.907644138787195
07/07/2014 11:00,0.758333,10.1655056199792,19.814508095467,89.9248900635722,5.06840714326233,29.9211535118553,0.904834154303264
07/07/2014 12:00,0.758333,10.0654331748788,20.0107984743993,89.8107980075151,5.10844660221017,29.8921685713316,0.89137204308777
